0 0 0
60
-0.500000 0.000000 -0.500000
-0.489074 -0.103956 -0.500000
-0.456773 -0.203368 -0.500000
-0.404508 -0.293893 -0.500000
-0.334565 -0.371572 -0.500000
-0.250000 -0.433013 -0.500000
-0.154508 -0.475528 -0.500000
-0.052264 -0.497261 -0.500000
0.052264 -0.497261 -0.500000
0.154508 -0.475528 -0.500000
0.250000 -0.433013 -0.500000
0.334565 -0.371572 -0.500000
0.404508 -0.293893 -0.500000
0.456773 -0.203368 -0.500000
0.489074 -0.103956 -0.500000
0.500000 -0.000000 -0.500000
0.489074 0.103956 -0.500000
0.456773 0.203368 -0.500000
0.404508 0.293893 -0.500000
0.334565 0.371572 -0.500000
0.250000 0.433013 -0.500000
0.154508 0.475528 -0.500000
0.052264 0.497261 -0.500000
-0.052264 0.497261 -0.500000
-0.154508 0.475528 -0.500000
-0.250000 0.433013 -0.500000
-0.334565 0.371572 -0.500000
-0.404508 0.293893 -0.500000
-0.456773 0.203368 -0.500000
-0.489074 0.103956 -0.500000
-0.500000 0.000000 0.500000
-0.489074 0.103956 0.500000
-0.456773 0.203368 0.500000
-0.404508 0.293893 0.500000
-0.334565 0.371572 0.500000
-0.250000 0.433013 0.500000
-0.154508 0.475528 0.500000
-0.052264 0.497261 0.500000
0.052264 0.497261 0.500000
0.154508 0.475528 0.500000
0.250000 0.433013 0.500000
0.334565 0.371572 0.500000
0.404508 0.293893 0.500000
0.456773 0.203368 0.500000
0.489074 0.103956 0.500000
0.500000 -0.000000 0.500000
0.489074 -0.103956 0.500000
0.456773 -0.203368 0.500000
0.404508 -0.293893 0.500000
0.334565 -0.371572 0.500000
0.250000 -0.433013 0.500000
0.154508 -0.475528 0.500000
0.052264 -0.497261 0.500000
-0.052264 -0.497261 0.500000
-0.154508 -0.475528 0.500000
-0.250000 -0.433013 0.500000
-0.334565 -0.371572 0.500000
-0.404508 -0.293893 0.500000
-0.456773 -0.203368 0.500000
-0.489074 -0.103956 0.500000
30
59 30 0
58 59 1
57 58 2
56 57 3
55 56 4
54 55 5
53 54 6
52 53 7
51 52 8
50 51 9
49 50 10
48 49 11
47 48 12
46 47 13
45 46 14
44 45 15
43 44 16
42 43 17
41 42 18
40 41 19
39 40 20
38 39 21
37 38 22
36 37 23
35 36 24
34 35 25
33 34 26
32 33 27
31 32 28
30 31 29
