0 0 0
62
1 0 0
0.9945218953682733 0.10452846326765346 0
0.9781476007338057 0.20791169081775931 0
0.9510565162951535 0.3090169943749474 0
0.9135454576426009 0.40673664307580015 0
0.8660254037844387 0.49999999999999994 0
0.8090169943749475 0.5877852522924731 0
0.7431448254773942 0.6691306063588582 0
0.6691306063588582 0.7431448254773942 0
0.587785252292473 0.8090169943749475 0
0.4999999999999999 0.8660254037844387 0
0.4067366430758002 0.9135454576426009 0
0.30901699437494745 0.9510565162951535 0
0.20791169081775945 0.9781476007338056 0
0.10452846326765368 0.9945218953682733 0
2.83276944882399e-16 1.0 0
-0.10452846326765311 0.9945218953682734 0
-0.2079116908177589 0.9781476007338057 0
-0.30901699437494695 0.9510565162951538 0
-0.40673664307579965 0.9135454576426011 0
-0.49999999999999944 0.866025403784439 0
-0.5877852522924727 0.8090169943749477 0
-0.6691306063588579 0.7431448254773945 0
-0.7431448254773941 0.6691306063588583 0
-0.8090169943749473 0.5877852522924732 0
-0.8660254037844387 0.49999999999999994 0
-0.913545457642601 0.40673664307580004 0
-0.9510565162951536 0.3090169943749471 0
-0.9781476007338057 0.20791169081775887 0
-0.9945218953682734 0.10452846326765286 0
-1.0 -7.657137397853899e-16 0
-0.9945218953682733 -0.10452846326765437 0
-0.9781476007338055 -0.20791169081776037 0
-0.9510565162951532 -0.30901699437494856 0
-0.9135454576426003 -0.40673664307580143 0
-0.8660254037844379 -0.5000000000000013 0
-0.8090169943749465 -0.5877852522924745 0
-0.743144825477393 -0.6691306063588596 0
-0.6691306063588568 -0.7431448254773955 0
-0.5877852522924718 -0.8090169943749483 0
-0.49999999999999883 -0.8660254037844393 0
-0.40673664307579926 -0.9135454576426013 0
-0.30901699437494673 -0.9510565162951538 0
-0.20791169081775893 -0.9781476007338057 0
-0.10452846326765336 -0.9945218953682734 0
-1.8369701987210297e-16 -1.0 0
0.10452846326765299 -0.9945218953682734 0
0.20791169081775857 -0.9781476007338058 0
0.3090169943749464 -0.9510565162951539 0
0.40673664307579893 -0.9135454576426014 0
0.49999999999999856 -0.8660254037844395 0
0.5877852522924715 -0.8090169943749486 0
0.6691306063588565 -0.7431448254773958 0
0.7431448254773925 -0.6691306063588601 0
0.8090169943749457 -0.5877852522924755 0
0.866025403784437 -0.5000000000000028 0
0.9135454576425995 -0.4067366430758034 0
0.9510565162951524 -0.309016994374951 0
0.9781476007338048 -0.20791169081776334 0
0.9945218953682728 -0.10452846326765783 0
0.0 0.0 1
0.0 0.0 -1
120
0 1 60
0 1 61
1 2 60
1 2 61
2 3 60
2 3 61
3 4 60
3 4 61
4 5 60
4 5 61
5 6 60
5 6 61
6 7 60
6 7 61
7 8 60
7 8 61
8 9 60
8 9 61
9 10 60
9 10 61
10 11 60
10 11 61
11 12 60
11 12 61
12 13 60
12 13 61
13 14 60
13 14 61
14 15 60
14 15 61
15 16 60
15 16 61
16 17 60
16 17 61
17 18 60
17 18 61
18 19 60
18 19 61
19 20 60
19 20 61
20 21 60
20 21 61
21 22 60
21 22 61
22 23 60
22 23 61
23 24 60
23 24 61
24 25 60
24 25 61
25 26 60
25 26 61
26 27 60
26 27 61
27 28 60
27 28 61
28 29 60
28 29 61
29 30 60
29 30 61
30 31 60
30 31 61
31 32 60
31 32 61
32 33 60
32 33 61
33 34 60
33 34 61
34 35 60
34 35 61
35 36 60
35 36 61
36 37 60
36 37 61
37 38 60
37 38 61
38 39 60
38 39 61
39 40 60
39 40 61
40 41 60
40 41 61
41 42 60
41 42 61
42 43 60
42 43 61
43 44 60
43 44 61
44 45 60
44 45 61
45 46 60
45 46 61
46 47 60
46 47 61
47 48 60
47 48 61
48 49 60
48 49 61
49 50 60
49 50 61
50 51 60
50 51 61
51 52 60
51 52 61
52 53 60
52 53 61
53 54 60
53 54 61
54 55 60
54 55 61
55 56 60
55 56 61
56 57 60
56 57 61
57 58 60
57 58 61
58 59 60
58 59 61
59 0 60
59 0 61
