0 0 0
112
1 0 0
0.9983691039261356 0.05708881086276798 0
0.9934817353485502 0.11399140989054062 0
0.985353835847693 0.17052219263262378 0
0.9740119169423335 0.22649676742576436 0
0.9594929736144974 0.28173255684142967 0
0.9418443636395247 0.3360493932154301 0
0.9211236531148501 0.38927010631739145 0
0.8973984286913584 0.4412211012432212 0
0.8707460771197771 0.49173292464560375 0
0.8412535328311812 0.5406408174555976 0
0.8090169943749475 0.5877852522924731 0
0.7741416106390825 0.6330124538088704 0
0.7367411378764049 0.6761749002740194 0
0.6969375686552934 0.7171318047589634 0
0.6548607339452851 0.7557495743542583 0
0.6106478796354382 0.7919022459222751 0
0.5644432188667693 0.8254718969627739 0
0.5163974616389619 0.8563490302515889 0
0.4666673232256736 0.8844329309978144 0
0.41541501300188627 0.9096319953545184 0
0.3628077053506407 0.9318640292114524 0
0.30901699437494706 0.9510565162951536 0
0.25421833419348644 0.9671468547019573 0
0.1985904666457449 0.9800825610923936 0
0.14231483827328445 0.9898214418809328 0
0.08557500847883896 0.9963317308626914 0
0.028556050793695366 0.9995921928281892 0
-0.02855605079369724 0.9995921928281892 0
-0.08557500847884082 0.9963317308626913 0
-0.1423148382732863 0.9898214418809326 0
-0.19859046664574673 0.9800825610923931 0
-0.25421833419348827 0.9671468547019568 0
-0.30901699437494884 0.9510565162951531 0
-0.3628077053506425 0.9318640292114517 0
-0.41541501300188793 0.9096319953545177 0
-0.4666673232256753 0.8844329309978135 0
-0.5163974616389634 0.8563490302515882 0
-0.5644432188667704 0.8254718969627731 0
-0.6106478796354392 0.7919022459222742 0
-0.6548607339452861 0.7557495743542575 0
-0.6969375686552943 0.7171318047589627 0
-0.7367411378764056 0.6761749002740187 0
-0.774141610639083 0.6330124538088697 0
-0.8090169943749479 0.5877852522924725 0
-0.8412535328311815 0.540640817455597 0
-0.8707460771197775 0.4917329246456033 0
-0.8973984286913586 0.4412211012432209 0
-0.9211236531148502 0.38927010631739123 0
-0.9418443636395247 0.33604939321543 0
-0.9594929736144974 0.28173255684142967 0
-0.9740119169423335 0.22649676742576444 0
-0.985353835847693 0.17052219263262397 0
-0.9934817353485502 0.11399140989054095 0
-0.9983691039261356 0.05708881086276842 0
-1.0 5.66553889764798e-16 0
-0.9983691039261358 -0.05708881086276729 0
-0.9934817353485503 -0.11399140989053982 0
-0.9853538358476932 -0.17052219263262286 0
-0.9740119169423338 -0.22649676742576336 0
-0.9594929736144977 -0.28173255684142856 0
-0.9418443636395252 -0.33604939321542887 0
-0.9211236531148507 -0.3892701063173902 0
-0.8973984286913591 -0.4412211012432199 0
-0.870746077119778 -0.4917329246456023 0
-0.8412535328311821 -0.5406408174555961 0
-0.8090169943749486 -0.5877852522924716 0
-0.7741416106390837 -0.6330124538088688 0
-0.7367411378764064 -0.6761749002740178 0
-0.6969375686552951 -0.7171318047589619 0
-0.6548607339452869 -0.7557495743542567 0
-0.6106478796354398 -0.7919022459222739 0
-0.5644432188667706 -0.825471896962773 0
-0.5163974616389632 -0.8563490302515883 0
-0.4666673232256747 -0.8844329309978138 0
-0.41541501300188716 -0.909631995354518 0
-0.36280770535064144 -0.9318640292114522 0
-0.30901699437494756 -0.9510565162951535 0
-0.2542183341934868 -0.9671468547019572 0
-0.198590466645745 -0.9800825610923936 0
-0.14231483827328437 -0.9898214418809328 0
-0.08557500847883863 -0.9963317308626914 0
-0.02855605079369482 -0.9995921928281892 0
0.028556050793698006 -0.9995921928281892 0
0.08557500847884181 -0.9963317308626912 0
0.1423148382732875 -0.9898214418809324 0
0.19859046664574811 -0.9800825610923929 0
0.2542183341934899 -0.9671468547019564 0
0.3090169943749506 -0.9510565162951525 0
0.36280770535064444 -0.931864029211451 0
0.41541501300189004 -0.9096319953545167 0
0.4666673232256775 -0.8844329309978123 0
0.5163974616389659 -0.8563490302515866 0
0.5644432188667733 -0.8254718969627711 0
0.6106478796354423 -0.7919022459222719 0
0.6548607339452893 -0.7557495743542546 0
0.6969375686552977 -0.7171318047589593 0
0.736741137876409 -0.6761749002740148 0
0.7741416106390866 -0.6330124538088653 0
0.8090169943749514 -0.5877852522924676 0
0.8412535328311851 -0.5406408174555916 0
0.8707460771197809 -0.4917329246455972 0
0.8973984286913619 -0.44122110124321423 0
0.9211236531148533 -0.38927010631738396 0
0.9418443636395275 -0.33604939321542215 0
0.9594929736144999 -0.28173255684142123 0
0.9740119169423356 -0.22649676742575547 0
0.9853538358476946 -0.17052219263261448 0
0.9934817353485513 -0.11399140989053091 0
0.9983691039261362 -0.05708881086275791 0
0.0 0.0 1
0.0 0.0 -1
220
0 1 110
0 1 111
1 2 110
1 2 111
2 3 110
2 3 111
3 4 110
3 4 111
4 5 110
4 5 111
5 6 110
5 6 111
6 7 110
6 7 111
7 8 110
7 8 111
8 9 110
8 9 111
9 10 110
9 10 111
10 11 110
10 11 111
11 12 110
11 12 111
12 13 110
12 13 111
13 14 110
13 14 111
14 15 110
14 15 111
15 16 110
15 16 111
16 17 110
16 17 111
17 18 110
17 18 111
18 19 110
18 19 111
19 20 110
19 20 111
20 21 110
20 21 111
21 22 110
21 22 111
22 23 110
22 23 111
23 24 110
23 24 111
24 25 110
24 25 111
25 26 110
25 26 111
26 27 110
26 27 111
27 28 110
27 28 111
28 29 110
28 29 111
29 30 110
29 30 111
30 31 110
30 31 111
31 32 110
31 32 111
32 33 110
32 33 111
33 34 110
33 34 111
34 35 110
34 35 111
35 36 110
35 36 111
36 37 110
36 37 111
37 38 110
37 38 111
38 39 110
38 39 111
39 40 110
39 40 111
40 41 110
40 41 111
41 42 110
41 42 111
42 43 110
42 43 111
43 44 110
43 44 111
44 45 110
44 45 111
45 46 110
45 46 111
46 47 110
46 47 111
47 48 110
47 48 111
48 49 110
48 49 111
49 50 110
49 50 111
50 51 110
50 51 111
51 52 110
51 52 111
52 53 110
52 53 111
53 54 110
53 54 111
54 55 110
54 55 111
55 56 110
55 56 111
56 57 110
56 57 111
57 58 110
57 58 111
58 59 110
58 59 111
59 60 110
59 60 111
60 61 110
60 61 111
61 62 110
61 62 111
62 63 110
62 63 111
63 64 110
63 64 111
64 65 110
64 65 111
65 66 110
65 66 111
66 67 110
66 67 111
67 68 110
67 68 111
68 69 110
68 69 111
69 70 110
69 70 111
70 71 110
70 71 111
71 72 110
71 72 111
72 73 110
72 73 111
73 74 110
73 74 111
74 75 110
74 75 111
75 76 110
75 76 111
76 77 110
76 77 111
77 78 110
77 78 111
78 79 110
78 79 111
79 80 110
79 80 111
80 81 110
80 81 111
81 82 110
81 82 111
82 83 110
82 83 111
83 84 110
83 84 111
84 85 110
84 85 111
85 86 110
85 86 111
86 87 110
86 87 111
87 88 110
87 88 111
88 89 110
88 89 111
89 90 110
89 90 111
90 91 110
90 91 111
91 92 110
91 92 111
92 93 110
92 93 111
93 94 110
93 94 111
94 95 110
94 95 111
95 96 110
95 96 111
96 97 110
96 97 111
97 98 110
97 98 111
98 99 110
98 99 111
99 100 110
99 100 111
100 101 110
100 101 111
101 102 110
101 102 111
102 103 110
102 103 111
103 104 110
103 104 111
104 105 110
104 105 111
105 106 110
105 106 111
106 107 110
106 107 111
107 108 110
107 108 111
108 109 110
108 109 111
109 0 110
109 0 111
