0 0 0
162
1 0 0
0.9992290362407229 0.03925981575906861 0
0.996917333733128 0.07845909572784494 0
0.9930684569549263 0.11753739745783764 0
0.9876883405951378 0.15643446504023087 0
0.9807852804032304 0.19509032201612825 0
0.9723699203976766 0.2334453638559054 0
0.9624552364536473 0.27144044986507426 0
0.9510565162951535 0.3090169943749474 0
0.9381913359224842 0.34611705707749296 0
0.9238795325112867 0.3826834323650898 0
0.9081431738250814 0.4186597375374281 0
0.8910065241883679 0.45399049973954675 0
0.8724960070727972 0.4886212414969549 0
0.8526401643540923 0.5224985647159488 0
0.8314696123025452 0.5555702330196022 0
0.8090169943749475 0.5877852522924731 0
0.785316930880745 0.619093949309834 0
0.7604059656000309 0.6494480483301837 0
0.7343225094356856 0.6788007455329417 0
0.7071067811865476 0.7071067811865475 0
0.6788007455329418 0.7343225094356856 0
0.6494480483301837 0.7604059656000309 0
0.619093949309834 0.785316930880745 0
0.5877852522924731 0.8090169943749475 0
0.5555702330196023 0.8314696123025452 0
0.5224985647159489 0.8526401643540922 0
0.48862124149695496 0.8724960070727971 0
0.45399049973954686 0.8910065241883678 0
0.41865973753742813 0.9081431738250813 0
0.38268343236508984 0.9238795325112867 0
0.346117057077493 0.9381913359224842 0
0.30901699437494745 0.9510565162951535 0
0.2714404498650743 0.9624552364536473 0
0.23344536385590547 0.9723699203976766 0
0.19509032201612833 0.9807852804032304 0
0.15643446504023092 0.9876883405951378 0
0.1175373974578377 0.9930684569549263 0
0.078459095727845 0.996917333733128 0
0.039259815759068666 0.9992290362407229 0
6.123233995736766e-17 1.0 0
-0.03925981575906855 0.9992290362407229 0
-0.07845909572784487 0.996917333733128 0
-0.11753739745783758 0.9930684569549263 0
-0.1564344650402308 0.9876883405951378 0
-0.1950903220161282 0.9807852804032304 0
-0.23344536385590534 0.9723699203976767 0
-0.2714404498650742 0.9624552364536473 0
-0.30901699437494734 0.9510565162951536 0
-0.3461170570774929 0.9381913359224842 0
-0.3826834323650897 0.9238795325112867 0
-0.4186597375374278 0.9081431738250814 0
-0.45399049973954675 0.8910065241883679 0
-0.48862124149695507 0.8724960070727971 0
-0.5224985647159491 0.8526401643540921 0
-0.5555702330196027 0.8314696123025449 0
-0.5877852522924738 0.809016994374947 0
-0.6190939493098347 0.7853169308807443 0
-0.6494480483301845 0.7604059656000302 0
-0.6788007455329428 0.7343225094356846 0
-0.7071067811865487 0.7071067811865464 0
-0.7343225094356868 0.6788007455329403 0
-0.7604059656000324 0.649448048330182 0
-0.7853169308807464 0.6190939493098322 0
-0.8090169943749489 0.587785252292471 0
-0.8314696123025468 0.5555702330196 0
-0.8526401643540938 0.5224985647159464 0
-0.8724960070727987 0.48862124149695213 0
-0.8910065241883695 0.45399049973954375 0
-0.9081431738250828 0.41865973753742475 0
-0.9238795325112883 0.3826834323650862 0
-0.9381913359224856 0.34611705707748913 0
-0.9510565162951549 0.3090169943749433 0
-0.9624552364536485 0.2714404498650699 0
-0.9723699203976777 0.23344536385590078 0
-0.9807852804032314 0.19509032201612336 0
-0.9876883405951385 0.15643446504022573 0
-0.993068456954927 0.11753739745783225 0
-0.9969173337331284 0.07845909572783931 0
-0.9992290362407231 0.03925981575906274 0
-1.0 -6.0947842579861415e-15 0
-0.9992290362407227 -0.03925981575907492 0
-0.9969173337331274 -0.07845909572785147 0
-0.9930684569549255 -0.11753739745784435 0
-0.9876883405951367 -0.15643446504023775 0
-0.9807852804032291 -0.19509032201613533 0
-0.9723699203976749 -0.23344536385591264 0
-0.9624552364536452 -0.2714404498650816 0
-0.9510565162951512 -0.3090169943749549 0
-0.9381913359224814 -0.34611705707750057 0
-0.9238795325112836 -0.38268343236509744 0
-0.9081431738250777 -0.41865973753743585 0
-0.8910065241883639 -0.4539904997395546 0
-0.8724960070727927 -0.4886212414969628 0
-0.8526401643540874 -0.5224985647159567 0
-0.83146961230254 -0.5555702330196101 0
-0.8090169943749418 -0.5877852522924809 0
-0.7853169308807388 -0.6190939493098417 0
-0.7604059656000244 -0.6494480483301913 0
-0.7343225094356786 -0.6788007455329493 0
-0.7071067811865401 -0.707106781186555 0
-0.6788007455329339 -0.7343225094356928 0
-0.6494480483301753 -0.760405965600038 0
-0.6190939493098252 -0.7853169308807518 0
-0.5877852522924639 -0.8090169943749541 0
-0.5555702330195925 -0.8314696123025517 0
-0.5224985647159388 -0.8526401643540984 0
-0.4886212414969444 -0.872496007072803 0
-0.45399049973953587 -0.8910065241883734 0
-0.41865973753741675 -0.9081431738250866 0
-0.382683432365078 -0.9238795325112916 0
-0.34611705707748086 -0.9381913359224886 0
-0.3090169943749349 -0.9510565162951576 0
-0.2714404498650614 -0.9624552364536509 0
-0.2334453638558922 -0.9723699203976798 0
-0.19509032201611473 -0.9807852804032331 0
-0.15643446504021702 -0.9876883405951399 0
-0.11753739745782349 -0.993068456954928 0
-0.07845909572783051 -0.9969173337331291 0
-0.03925981575905393 -0.9992290362407236 0
1.4915336115030026e-14 -1.0 0
0.03925981575908373 -0.9992290362407223 0
0.07845909572786025 -0.9969173337331267 0
0.11753739745785312 -0.9930684569549245 0
0.15643446504024647 -0.9876883405951352 0
0.19509032201614399 -0.9807852804032273 0
0.2334453638559212 -0.9723699203976728 0
0.2714404498650901 -0.9624552364536428 0
0.30901699437496327 -0.9510565162951484 0
0.34611705707750884 -0.9381913359224783 0
0.3826834323651056 -0.9238795325112802 0
0.41865973753744384 -0.908143173825074 0
0.45399049973956246 -0.8910065241883599 0
0.48862124149697045 -0.8724960070727884 0
0.5224985647159642 -0.8526401643540829 0
0.5555702330196174 -0.8314696123025351 0
0.587785252292488 -0.8090169943749366 0
0.6190939493098486 -0.7853169308807334 0
0.649448048330198 -0.7604059656000187 0
0.6788007455329558 -0.7343225094356726 0
0.7071067811865611 -0.7071067811865339 0
0.7343225094356989 -0.6788007455329274 0
0.7604059656000438 -0.6494480483301687 0
0.7853169308807573 -0.6190939493098183 0
0.8090169943749593 -0.5877852522924568 0
0.8314696123025566 -0.5555702330195852 0
0.8526401643541031 -0.5224985647159313 0
0.8724960070728073 -0.48862124149693675 0
0.8910065241883774 -0.453990499739528 0
0.9081431738250902 -0.41865973753740876 0
0.923879532511295 -0.38268343236506985 0
0.9381913359224917 -0.3461170570774726 0
0.9510565162951604 -0.3090169943749265 0
0.9624552364536533 -0.2714404498650529 0
0.9723699203976819 -0.23344536385588363 0
0.9807852804032349 -0.19509032201610607 0
0.9876883405951413 -0.1564344650402083 0
0.993068456954929 -0.11753739745781473 0
0.9969173337331299 -0.07845909572782173 0
0.9992290362407239 -0.039259815759045115 0
0.0 0.0 1
0.0 0.0 -1
320
0 1 160
0 1 161
1 2 160
1 2 161
2 3 160
2 3 161
3 4 160
3 4 161
4 5 160
4 5 161
5 6 160
5 6 161
6 7 160
6 7 161
7 8 160
7 8 161
8 9 160
8 9 161
9 10 160
9 10 161
10 11 160
10 11 161
11 12 160
11 12 161
12 13 160
12 13 161
13 14 160
13 14 161
14 15 160
14 15 161
15 16 160
15 16 161
16 17 160
16 17 161
17 18 160
17 18 161
18 19 160
18 19 161
19 20 160
19 20 161
20 21 160
20 21 161
21 22 160
21 22 161
22 23 160
22 23 161
23 24 160
23 24 161
24 25 160
24 25 161
25 26 160
25 26 161
26 27 160
26 27 161
27 28 160
27 28 161
28 29 160
28 29 161
29 30 160
29 30 161
30 31 160
30 31 161
31 32 160
31 32 161
32 33 160
32 33 161
33 34 160
33 34 161
34 35 160
34 35 161
35 36 160
35 36 161
36 37 160
36 37 161
37 38 160
37 38 161
38 39 160
38 39 161
39 40 160
39 40 161
40 41 160
40 41 161
41 42 160
41 42 161
42 43 160
42 43 161
43 44 160
43 44 161
44 45 160
44 45 161
45 46 160
45 46 161
46 47 160
46 47 161
47 48 160
47 48 161
48 49 160
48 49 161
49 50 160
49 50 161
50 51 160
50 51 161
51 52 160
51 52 161
52 53 160
52 53 161
53 54 160
53 54 161
54 55 160
54 55 161
55 56 160
55 56 161
56 57 160
56 57 161
57 58 160
57 58 161
58 59 160
58 59 161
59 60 160
59 60 161
60 61 160
60 61 161
61 62 160
61 62 161
62 63 160
62 63 161
63 64 160
63 64 161
64 65 160
64 65 161
65 66 160
65 66 161
66 67 160
66 67 161
67 68 160
67 68 161
68 69 160
68 69 161
69 70 160
69 70 161
70 71 160
70 71 161
71 72 160
71 72 161
72 73 160
72 73 161
73 74 160
73 74 161
74 75 160
74 75 161
75 76 160
75 76 161
76 77 160
76 77 161
77 78 160
77 78 161
78 79 160
78 79 161
79 80 160
79 80 161
80 81 160
80 81 161
81 82 160
81 82 161
82 83 160
82 83 161
83 84 160
83 84 161
84 85 160
84 85 161
85 86 160
85 86 161
86 87 160
86 87 161
87 88 160
87 88 161
88 89 160
88 89 161
89 90 160
89 90 161
90 91 160
90 91 161
91 92 160
91 92 161
92 93 160
92 93 161
93 94 160
93 94 161
94 95 160
94 95 161
95 96 160
95 96 161
96 97 160
96 97 161
97 98 160
97 98 161
98 99 160
98 99 161
99 100 160
99 100 161
100 101 160
100 101 161
101 102 160
101 102 161
102 103 160
102 103 161
103 104 160
103 104 161
104 105 160
104 105 161
105 106 160
105 106 161
106 107 160
106 107 161
107 108 160
107 108 161
108 109 160
108 109 161
109 110 160
109 110 161
110 111 160
110 111 161
111 112 160
111 112 161
112 113 160
112 113 161
113 114 160
113 114 161
114 115 160
114 115 161
115 116 160
115 116 161
116 117 160
116 117 161
117 118 160
117 118 161
118 119 160
118 119 161
119 120 160
119 120 161
120 121 160
120 121 161
121 122 160
121 122 161
122 123 160
122 123 161
123 124 160
123 124 161
124 125 160
124 125 161
125 126 160
125 126 161
126 127 160
126 127 161
127 128 160
127 128 161
128 129 160
128 129 161
129 130 160
129 130 161
130 131 160
130 131 161
131 132 160
131 132 161
132 133 160
132 133 161
133 134 160
133 134 161
134 135 160
134 135 161
135 136 160
135 136 161
136 137 160
136 137 161
137 138 160
137 138 161
138 139 160
138 139 161
139 140 160
139 140 161
140 141 160
140 141 161
141 142 160
141 142 161
142 143 160
142 143 161
143 144 160
143 144 161
144 145 160
144 145 161
145 146 160
145 146 161
146 147 160
146 147 161
147 148 160
147 148 161
148 149 160
148 149 161
149 150 160
149 150 161
150 151 160
150 151 161
151 152 160
151 152 161
152 153 160
152 153 161
153 154 160
153 154 161
154 155 160
154 155 161
155 156 160
155 156 161
156 157 160
156 157 161
157 158 160
157 158 161
158 159 160
158 159 161
159 0 160
159 0 161
