0 0 0
387
1 0 0
0.9998668323785297 0.01631923740023175 0
0.9994673649813498 0.032634128412405906 0
0.9988017042007064 0.04894032780606119 0
0.9978700273255252 0.06523349266562066 0
0.9966725824941932 0.08150928354706317 0
0.9952096886284706 0.09776336563367027 0
0.9934817353485502 0.11399140989054064 0
0.9914891828692888 0.13018909421756467 0
0.9892325618776351 0.14635210460055206 0
0.9867124733912889 0.16247613626020582 0
0.9839295885986297 0.17855689479863668 0
0.9808846486799546 0.1945900973431126 0
0.9775784646100767 0.21057147368673887 0
0.9740119169423335 0.2264967674257644 0
0.9701859555740645 0.24236173709321238 0
0.9661015994936202 0.2581621572885321 0
0.9617599365089694 0.27389381980297234 0
0.9571621229579781 0.28955253474037546 0
0.9523093834004354 0.3051341316330945 0
0.94720301029191 0.32063446055273553 0
0.9418443636395247 0.33604939321543015 0
0.9362348706397372 0.35137482408134274 0
0.9303760252982285 0.3666066714481204 0
0.9242693880319959 0.3817408785379944 0
0.9179165852537593 0.39677341457824256 0
0.9113193089387901 0.4117002758747267 0
0.9044793161742782 0.42651748687821706 0
0.8973984286913583 0.44122110124322134 0
0.8900785323799185 0.45580720287903553 0
0.8825215767863213 0.47027190699273685 0
0.8747295745941702 0.4846113611238412 0
0.8667046010882624 0.4988217461703488 0
0.8584487936018661 0.5128992774059061 0
0.8499643509474739 0.5268402054878115 0
0.8412535328311812 0.5406408174555974 0
0.8323186592508475 0.5542974377199228 0
0.8231621098781982 0.5678064290415117 0
0.813786323425035 0.5811641934998787 0
0.8041937969937206 0.5943671734515815 0
0.7943870854121129 0.6074118524777472 0
0.784368800553123 0.6202947563206183 0
0.7741416106390827 0.6330124538088701 0
0.7637082395311027 0.6455615577714522 0
0.7530714660036113 0.6579387259397121 0
0.7422341230042704 0.670140661837559 0
0.7311990968994603 0.6821641156594311 0
0.7199693267055396 0.6940058851358337 0
0.7085478033060811 0.7056628163862164 0
0.6969375686552941 0.7171318047589629 0
0.6851417149678448 0.7284097956582685 0
0.673163383895291 0.7394937853576872 0
0.6610057656893487 0.7503808218001297 0
0.6486720983522164 0.7610680053841 0
0.6361656667741807 0.7715524897359621 0
0.6234898018587345 0.781831482468029 0
0.6106478796354391 0.7919022459222744 0
0.59764332036077 0.8017620978994668 0
0.5844795876071807 0.8114084123735347 0
0.5711601873406322 0.820838620190969 0
0.5576886669868306 0.8300502097550798 0
0.5440686144864217 0.8390407276949227 0
0.5303036573393973 0.847807779518718 0
0.516397461638963 0.8563490302515883 0
0.5023537310951294 0.8646622050574446 0
0.4881762060482824 0.8727450898448555 0
0.4738686624729997 0.8805955318567374 0
0.4594349109723754 0.8882114402437099 0
0.44487879576312184 0.8955907866209626 0
0.4302041936517197 0.9027316056084852 0
0.41541501300188727 0.909631995354518 0
0.4005151926936458 0.9162901180420816 0
0.38550870107425694 0.9227042003784524 0
0.3703995349013118 0.9288725340674532 0
0.3551917182782536 0.9347934762644323 0
0.3398893015826173 0.9404654500138113 0
0.32449636038727114 0.9458869446690837 0
0.3090169943749479 0.9510565162951534 0
0.29345532624635506 0.9559727880529054 0
0.2778155006221542 0.9606344505659069 0
0.26210168293910246 0.9650402622691399 0
0.24631805834065007 0.9691890497396739 0
0.23046883056228887 0.9730797080091903 0
0.2145582208119496 0.9767112008582735 0
0.19859046664574553 0.9800825610923934 0
0.18256982083936169 0.983192890799503 0
0.16650055025539098 0.9860413615891841 0
0.15038693470691827 0.9886272148132769 0
0.13423326581765532 0.9909497617679348 0
0.1180438458789301 0.9930083838770504 0
0.1018229867038351 0.994802532857004 0
0.08557500847883939 0.9963317308626914 0
0.06930423861317085 0.9975955706147901 0
0.05301501058627445 0.9985937155082327 0
0.03671166279365406 0.9993258997018566 0
0.020398537391404768 0.9997919281892065 0
0.00407997913974371 0.9999916768504722 0
-0.012239665754152727 0.9999250924855454 0
-0.028556050793697017 0.9995921928281892 0
-0.04486483035051575 0.9989930665413146 0
-0.06116166082184359 0.9981278731933668 0
-0.0774422017873778 0.9969968432158264 0
-0.09370211716528512 0.995600277841837 0
-0.10993707636705317 0.9939385490259771 0
-0.12614275545087886 0.9920120993451944 0
-0.1423148382732863 0.9898214418809326 0
-0.15844901763866823 0.9873671600824796 0
-0.17454099644644366 0.9846499076115747 0
-0.19058648883552742 0.9816704081683146 0
-0.20658122132580603 0.9784294552984075 0
-0.22252093395631586 0.9749279121818233 0
-0.23840138141982106 0.9711667114028987 0
-0.2542183341934885 0.9671468547019567 0
-0.26996757966535856 0.9628694127085087 0
-0.28564492325631236 0.9583355246561067 0
-0.301246189537236 0.953546398078927 0
-0.31676722334108426 0.94850330849016 0
-0.33220389086954843 0.9432075990422963 0
-0.34755208079403205 0.9376606801693983 0
-0.3628077053506429 0.9318640292114516 0
-0.3779667014289085 0.9258191900208973 0
-0.3930250316539256 0.9195277725514498 0
-0.40797868546165544 0.9129914524293092 0
-0.4228236801670783 0.9062119705068833 0
-0.43755606202492264 0.8991911323991368 0
-0.45217190728268747 0.891930808002693 0
-0.4666673232256753 0.8844329309978135 0
-0.4810384492137594 0.8766994983333921 0
-0.4952814577096084 0.8687325696950963 0
-0.5093925552980944 0.8605342669568005 0
-0.523367983696613 0.852106773615456 0
-0.5372040207560465 0.8434523342095493 0
-0.5508969814521032 0.8345732537213022 0
-0.5644432188667697 0.8254718969627736 0
-0.5778391251596132 0.8161506879460269 0
-0.5910811325286768 0.8066121092375299 0
-0.6041657141607107 0.7968587012969603 0
-0.6170893851704874 0.7868930618005917 0
-0.6298487035289487 0.7767178449494401 0
-0.6424402709799398 0.7663357607623577 0
-0.6548607339452847 0.7557495743542586 0
-0.6671067844179621 0.7449621051996717 0
-0.6791751608431442 0.7339762263818149 0
-0.691062648986864 0.7227948638273922 0
-0.7027660827920788 0.7114209955273159 0
-0.7142823452219027 0.6998576507435628 0
-0.7256083690897839 0.6881079092023751 0
-0.7367411378764038 0.6761749002740206 0
-0.7476776865330832 0.6640618021393314 0
-0.7584151022714786 0.651771840943242 0
-0.7689505253393607 0.6393082899355531 0
-0.7792811497822673 0.6266744685991503 0
-0.7894042241908277 0.6138737417659086 0
-0.79931705243356 0.6009095187205189 0
-0.8090169943749458 0.5877852522924754 0
-0.8185014665785918 0.5745044379364657 0
-0.8277679429952894 0.5610706128014078 0
-0.836813955635791 0.5474873547883827 0
-0.8456370952281222 0.5337582815977132 0
-0.8542350118592564 0.5198870497654428 0
-0.8626054156009788 0.5058773536894715 0
-0.8707460771197753 0.4917329246456072 0
-0.8786548282705825 0.4774575297937955 0
-0.8863295626742415 0.46305497117479244 0
-0.8937682362785002 0.44852908469754676 0
-0.9009688679024171 0.43388373911756223 0
-0.9079295397640195 0.4191228350065119 0
-0.9146483979910759 0.4042503037133781 0
-0.9211236531148481 0.3892701063173961 0
-0.9273535805466898 0.3741862325730786 0
-0.9333365210373649 0.3590026998476037 0
-0.9390708811189641 0.3437235520508486 0
-0.9445551335293021 0.3283528585583536 0
-0.9497878176186809 0.31289471312750433 0
-0.9547675397389124 0.2973532328072194 0
-0.9594929736144957 0.2817325568414356 0
-0.9639628606958516 0.2660368455666812 0
-0.9681760104945185 0.2502702793040317 0
-0.9721313009002212 0.2344370572457429 0
-0.9758276784797284 0.21854139633685832 0
-0.9792641587574197 0.2025875301520878 0
-0.9824398264774854 0.1865797077682575 0
-0.9853538358476918 0.170522192632631 0
-0.9880054107646452 0.1544192614274029 0
-0.9903938450204962 0.13827520293066783 0
-0.9925185024910268 0.1220943168741676 0
-0.9943788173050735 0.10588091279812101 0
-0.9959742939952383 0.08963930890344159 0
-0.9973045076298493 0.07337383090164833 0
-0.9983691039261352 0.05708881086277641 0
-0.9991677993445826 0.04078858606159416 0
-0.999700381164453 0.024477497822434004 0
-0.9999667075404385 0.008159890362944731 0
-0.9999667075404386 -0.008159890362926725 0
-0.9997003811644535 -0.024477497822416 0
-0.9991677993445832 -0.04078858606157617 0
-0.9983691039261362 -0.05708881086275843 0
-0.9973045076298507 -0.07337383090163037 0
-0.99597429399524 -0.08963930890342364 0
-0.9943788173050754 -0.1058809127981031 0
-0.992518502491029 -0.12209431687414972 0
-0.9903938450204987 -0.13827520293065002 0
-0.988005410764648 -0.1544192614273851 0
-0.9853538358476949 -0.17052219263261323 0
-0.9824398264774887 -0.18657970776823982 0
-0.9792641587574233 -0.20258753015207018 0
-0.9758276784797324 -0.21854139633684075 0
-0.9721313009002254 -0.2344370572457254 0
-0.968176010494523 -0.25027027930401424 0
-0.9639628606958563 -0.26603684556666385 0
-0.9594929736145007 -0.28173255684141835 0
-0.9547675397389177 -0.2973532328072022 0
-0.9497878176186866 -0.31289471312748723 0
-0.9445551335293081 -0.3283528585583366 0
-0.9390708811189703 -0.34372355205083166 0
-0.9333365210373713 -0.35900269984758687 0
-0.9273535805466966 -0.3741862325730619 0
-0.9211236531148552 -0.3892701063173795 0
-0.9146483979910831 -0.4042503037133617 0
-0.907929539764027 -0.4191228350064955 0
-0.9009688679024249 -0.433883739117546 0
-0.8937682362785082 -0.44852908469753067 0
-0.8863295626742498 -0.4630549711747765 0
-0.8786548282705912 -0.4774575297937797 0
-0.8707460771197841 -0.4917329246455915 0
-0.8626054156009879 -0.505877353689456 0
-0.8542350118592658 -0.5198870497654274 0
-0.8456370952281319 -0.5337582815976979 0
-0.8368139556358009 -0.5474873547883676 0
-0.8277679429952995 -0.5610706128013929 0
-0.8185014665786021 -0.574504437936451 0
-0.8090169943749563 -0.5877852522924608 0
-0.7993170524335708 -0.6009095187205045 0
-0.7894042241908388 -0.6138737417658944 0
-0.7792811497822786 -0.6266744685991363 0
-0.7689505253393721 -0.6393082899355392 0
-0.7584151022714903 -0.6517718409432284 0
-0.7476776865330952 -0.664061802139318 0
-0.736741137876416 -0.6761749002740074 0
-0.7256083690897963 -0.688107909202362 0
-0.7142823452219154 -0.6998576507435499 0
-0.7027660827920915 -0.7114209955273032 0
-0.691062648986877 -0.7227948638273798 0
-0.6791751608431574 -0.7339762263818027 0
-0.6671067844179754 -0.7449621051996597 0
-0.6548607339452983 -0.7557495743542468 0
-0.6424402709799536 -0.7663357607623461 0
-0.6298487035289627 -0.7767178449494287 0
-0.6170893851705016 -0.7868930618005806 0
-0.6041657141607252 -0.7968587012969495 0
-0.5910811325286913 -0.8066121092375192 0
-0.5778391251596279 -0.8161506879460164 0
-0.5644432188667846 -0.8254718969627635 0
-0.5508969814521182 -0.8345732537212923 0
-0.5372040207560617 -0.8434523342095396 0
-0.5233679836966283 -0.8521067736154465 0
-0.5093925552981099 -0.8605342669567912 0
-0.49528145770962406 -0.8687325696950874 0
-0.48103844921377514 -0.8766994983333835 0
-0.4666673232256912 -0.8844329309978051 0
-0.4521719072827035 -0.8919308080026848 0
-0.4375560620249388 -0.899191132399129 0
-0.4228236801670946 -0.9062119705068756 0
-0.4079786854616721 -0.9129914524293018 0
-0.39302503165394254 -0.9195277725514426 0
-0.3779667014289258 -0.9258191900208902 0
-0.3628077053506605 -0.9318640292114447 0
-0.34755208079405 -0.9376606801693916 0
-0.33220389086956664 -0.9432075990422899 0
-0.3167672233411028 -0.9485033084901539 0
-0.3012461895372548 -0.9535463980789212 0
-0.2856449232563315 -0.9583355246561011 0
-0.269967579665378 -0.9628694127085031 0
-0.25421833419350826 -0.9671468547019515 0
-0.23840138141984116 -0.9711667114028937 0
-0.22252093395633624 -0.9749279121818186 0
-0.20658122132582668 -0.9784294552984031 0
-0.19058648883554838 -0.9816704081683105 0
-0.1745409964464649 -0.9846499076115709 0
-0.15844901763868974 -0.9873671600824762 0
-0.1423148382733081 -0.9898214418809295 0
-0.1261427554509009 -0.9920120993451915 0
-0.10993707636707549 -0.9939385490259747 0
-0.09370211716530769 -0.9956002778418349 0
-0.07744220178740062 -0.9969968432158246 0
-0.061161660821866665 -0.9981278731933654 0
-0.044864830350539064 -0.9989930665413136 0
-0.028556050793720568 -0.9995921928281886 0
-0.012239665754176506 -0.9999250924855452 0
0.0040799791397197055 -0.9999916768504723 0
0.020398537391380547 -0.999791928189207 0
0.036711662793629626 -0.9993258997018575 0
0.053015010586249814 -0.9985937155082341 0
0.06930423861314601 -0.9975955706147919 0
0.08557500847881437 -0.9963317308626936 0
0.10182298670380989 -0.9948025328570066 0
0.11804384587890472 -0.9930083838770534 0
0.13423326581762976 -0.9909497617679383 0
0.15038693470689257 -0.9886272148132808 0
0.16650055025536512 -0.9860413615891884 0
0.18256982083933568 -0.9831928907995078 0
0.1985904666457194 -0.9800825610923987 0
0.21455822081192336 -0.9767112008582792 0
0.23046883056226247 -0.9730797080091965 0
0.24631805834062356 -0.9691890497396807 0
0.2621016829390759 -0.9650402622691471 0
0.2778155006221275 -0.9606344505659147 0
0.2934553262463283 -0.9559727880529136 0
0.30901699437492103 -0.9510565162951622 0
0.3244963603872442 -0.945886944669093 0
0.33988930158259034 -0.9404654500138211 0
0.3551917182782266 -0.9347934762644425 0
0.37039953490128474 -0.928872534067464 0
0.38550870107422985 -0.9227042003784637 0
0.40051519269361874 -0.9162901180420934 0
0.4154150130018602 -0.9096319953545303 0
0.4302041936516926 -0.9027316056084981 0
0.4448787957630948 -0.895590786620976 0
0.45943491097234834 -0.8882114402437239 0
0.47386866247297266 -0.880595531856752 0
0.4881762060482554 -0.8727450898448706 0
0.5023537310951025 -0.8646622050574603 0
0.5163974616389362 -0.8563490302516045 0
0.5303036573393706 -0.8478077795187346 0
0.5440686144863951 -0.83904072769494 0
0.5576886669868041 -0.8300502097550976 0
0.571160187340606 -0.8208386201909873 0
0.5844795876071546 -0.8114084123735534 0
0.5976433203607441 -0.801762097899486 0
0.6106478796354134 -0.7919022459222941 0
0.6234898018587091 -0.7818314824680493 0
0.6361656667741556 -0.7715524897359829 0
0.6486720983521915 -0.7610680053841212 0
0.6610057656893241 -0.7503808218001513 0
0.6731633838952666 -0.7394937853577093 0
0.6851417149678208 -0.7284097956582911 0
0.6969375686552703 -0.717131804758986 0
0.7085478033060576 -0.70566281638624 0
0.7199693267055165 -0.6940058851358577 0
0.7311990968994375 -0.6821641156594556 0
0.7422341230042478 -0.6701406618375839 0
0.7530714660035892 -0.6579387259397376 0
0.7637082395310808 -0.645561557771478 0
0.7741416106390613 -0.6330124538088963 0
0.7843688005531019 -0.620294756320645 0
0.7943870854120921 -0.6074118524777743 0
0.8041937969937003 -0.594367173451609 0
0.813786323425015 -0.5811641934999067 0
0.8231621098781785 -0.5678064290415401 0
0.8323186592508283 -0.5542974377199515 0
0.8412535328311626 -0.5406408174556266 0
0.8499643509474556 -0.526840205487841 0
0.8584487936018482 -0.5128992774059361 0
0.866704601088245 -0.4988217461703791 0
0.8747295745941532 -0.48461136112387193 0
0.8825215767863046 -0.470271906992768 0
0.8900785323799024 -0.45580720287906706 0
0.8973984286913427 -0.4412211012432533 0
0.9044793161742629 -0.4265174868782494 0
0.9113193089387753 -0.41170027587475944 0
0.917916585253745 -0.3967734145782757 0
0.9242693880319821 -0.3817408785380279 0
0.9303760252982152 -0.36660667144815434 0
0.9362348706397243 -0.351374824081377 0
0.9418443636395123 -0.3360493932154648 0
0.9472030102918982 -0.3206344605527705 0
0.952309383400424 -0.3051341316331298 0
0.9571621229579673 -0.28955253474041115 0
0.9617599365089592 -0.27389381980300836 0
0.9661015994936104 -0.25816215728856845 0
0.9701859555740553 -0.24236173709324899 0
0.9740119169423249 -0.22649676742580133 0
0.9775784646100687 -0.2105714736867761 0
0.9808846486799472 -0.19459009734315014 0
0.9839295885986228 -0.17855689479867445 0
0.9867124733912827 -0.16247613626024388 0
0.9892325618776294 -0.1463521046005904 0
0.9914891828692838 -0.13018909421760325 0
0.9934817353485458 -0.11399140989057945 0
0.9952096886284667 -0.09776336563370931 0
0.99667258249419 -0.08150928354710243 0
0.9978700273255227 -0.06523349266566013 0
0.9988017042007044 -0.048940327806100865 0
0.9994673649813485 -0.03263412841244577 0
0.9998668323785291 -0.016319237400271795 0
1.6646229780703514e-05 -5.551115123125783e-17 1
1.6646229780703514e-05 -5.551115123125783e-17 -1
770
0 1 385
0 1 386
1 2 385
1 2 386
2 3 385
2 3 386
3 4 385
3 4 386
4 5 385
4 5 386
5 6 385
5 6 386
6 7 385
6 7 386
7 8 385
7 8 386
8 9 385
8 9 386
9 10 385
9 10 386
10 11 385
10 11 386
11 12 385
11 12 386
12 13 385
12 13 386
13 14 385
13 14 386
14 15 385
14 15 386
15 16 385
15 16 386
16 17 385
16 17 386
17 18 385
17 18 386
18 19 385
18 19 386
19 20 385
19 20 386
20 21 385
20 21 386
21 22 385
21 22 386
22 23 385
22 23 386
23 24 385
23 24 386
24 25 385
24 25 386
25 26 385
25 26 386
26 27 385
26 27 386
27 28 385
27 28 386
28 29 385
28 29 386
29 30 385
29 30 386
30 31 385
30 31 386
31 32 385
31 32 386
32 33 385
32 33 386
33 34 385
33 34 386
34 35 385
34 35 386
35 36 385
35 36 386
36 37 385
36 37 386
37 38 385
37 38 386
38 39 385
38 39 386
39 40 385
39 40 386
40 41 385
40 41 386
41 42 385
41 42 386
42 43 385
42 43 386
43 44 385
43 44 386
44 45 385
44 45 386
45 46 385
45 46 386
46 47 385
46 47 386
47 48 385
47 48 386
48 49 385
48 49 386
49 50 385
49 50 386
50 51 385
50 51 386
51 52 385
51 52 386
52 53 385
52 53 386
53 54 385
53 54 386
54 55 385
54 55 386
55 56 385
55 56 386
56 57 385
56 57 386
57 58 385
57 58 386
58 59 385
58 59 386
59 60 385
59 60 386
60 61 385
60 61 386
61 62 385
61 62 386
62 63 385
62 63 386
63 64 385
63 64 386
64 65 385
64 65 386
65 66 385
65 66 386
66 67 385
66 67 386
67 68 385
67 68 386
68 69 385
68 69 386
69 70 385
69 70 386
70 71 385
70 71 386
71 72 385
71 72 386
72 73 385
72 73 386
73 74 385
73 74 386
74 75 385
74 75 386
75 76 385
75 76 386
76 77 385
76 77 386
77 78 385
77 78 386
78 79 385
78 79 386
79 80 385
79 80 386
80 81 385
80 81 386
81 82 385
81 82 386
82 83 385
82 83 386
83 84 385
83 84 386
84 85 385
84 85 386
85 86 385
85 86 386
86 87 385
86 87 386
87 88 385
87 88 386
88 89 385
88 89 386
89 90 385
89 90 386
90 91 385
90 91 386
91 92 385
91 92 386
92 93 385
92 93 386
93 94 385
93 94 386
94 95 385
94 95 386
95 96 385
95 96 386
96 97 385
96 97 386
97 98 385
97 98 386
98 99 385
98 99 386
99 100 385
99 100 386
100 101 385
100 101 386
101 102 385
101 102 386
102 103 385
102 103 386
103 104 385
103 104 386
104 105 385
104 105 386
105 106 385
105 106 386
106 107 385
106 107 386
107 108 385
107 108 386
108 109 385
108 109 386
109 110 385
109 110 386
110 111 385
110 111 386
111 112 385
111 112 386
112 113 385
112 113 386
113 114 385
113 114 386
114 115 385
114 115 386
115 116 385
115 116 386
116 117 385
116 117 386
117 118 385
117 118 386
118 119 385
118 119 386
119 120 385
119 120 386
120 121 385
120 121 386
121 122 385
121 122 386
122 123 385
122 123 386
123 124 385
123 124 386
124 125 385
124 125 386
125 126 385
125 126 386
126 127 385
126 127 386
127 128 385
127 128 386
128 129 385
128 129 386
129 130 385
129 130 386
130 131 385
130 131 386
131 132 385
131 132 386
132 133 385
132 133 386
133 134 385
133 134 386
134 135 385
134 135 386
135 136 385
135 136 386
136 137 385
136 137 386
137 138 385
137 138 386
138 139 385
138 139 386
139 140 385
139 140 386
140 141 385
140 141 386
141 142 385
141 142 386
142 143 385
142 143 386
143 144 385
143 144 386
144 145 385
144 145 386
145 146 385
145 146 386
146 147 385
146 147 386
147 148 385
147 148 386
148 149 385
148 149 386
149 150 385
149 150 386
150 151 385
150 151 386
151 152 385
151 152 386
152 153 385
152 153 386
153 154 385
153 154 386
154 155 385
154 155 386
155 156 385
155 156 386
156 157 385
156 157 386
157 158 385
157 158 386
158 159 385
158 159 386
159 160 385
159 160 386
160 161 385
160 161 386
161 162 385
161 162 386
162 163 385
162 163 386
163 164 385
163 164 386
164 165 385
164 165 386
165 166 385
165 166 386
166 167 385
166 167 386
167 168 385
167 168 386
168 169 385
168 169 386
169 170 385
169 170 386
170 171 385
170 171 386
171 172 385
171 172 386
172 173 385
172 173 386
173 174 385
173 174 386
174 175 385
174 175 386
175 176 385
175 176 386
176 177 385
176 177 386
177 178 385
177 178 386
178 179 385
178 179 386
179 180 385
179 180 386
180 181 385
180 181 386
181 182 385
181 182 386
182 183 385
182 183 386
183 184 385
183 184 386
184 185 385
184 185 386
185 186 385
185 186 386
186 187 385
186 187 386
187 188 385
187 188 386
188 189 385
188 189 386
189 190 385
189 190 386
190 191 385
190 191 386
191 192 385
191 192 386
192 193 385
192 193 386
193 194 385
193 194 386
194 195 385
194 195 386
195 196 385
195 196 386
196 197 385
196 197 386
197 198 385
197 198 386
198 199 385
198 199 386
199 200 385
199 200 386
200 201 385
200 201 386
201 202 385
201 202 386
202 203 385
202 203 386
203 204 385
203 204 386
204 205 385
204 205 386
205 206 385
205 206 386
206 207 385
206 207 386
207 208 385
207 208 386
208 209 385
208 209 386
209 210 385
209 210 386
210 211 385
210 211 386
211 212 385
211 212 386
212 213 385
212 213 386
213 214 385
213 214 386
214 215 385
214 215 386
215 216 385
215 216 386
216 217 385
216 217 386
217 218 385
217 218 386
218 219 385
218 219 386
219 220 385
219 220 386
220 221 385
220 221 386
221 222 385
221 222 386
222 223 385
222 223 386
223 224 385
223 224 386
224 225 385
224 225 386
225 226 385
225 226 386
226 227 385
226 227 386
227 228 385
227 228 386
228 229 385
228 229 386
229 230 385
229 230 386
230 231 385
230 231 386
231 232 385
231 232 386
232 233 385
232 233 386
233 234 385
233 234 386
234 235 385
234 235 386
235 236 385
235 236 386
236 237 385
236 237 386
237 238 385
237 238 386
238 239 385
238 239 386
239 240 385
239 240 386
240 241 385
240 241 386
241 242 385
241 242 386
242 243 385
242 243 386
243 244 385
243 244 386
244 245 385
244 245 386
245 246 385
245 246 386
246 247 385
246 247 386
247 248 385
247 248 386
248 249 385
248 249 386
249 250 385
249 250 386
250 251 385
250 251 386
251 252 385
251 252 386
252 253 385
252 253 386
253 254 385
253 254 386
254 255 385
254 255 386
255 256 385
255 256 386
256 257 385
256 257 386
257 258 385
257 258 386
258 259 385
258 259 386
259 260 385
259 260 386
260 261 385
260 261 386
261 262 385
261 262 386
262 263 385
262 263 386
263 264 385
263 264 386
264 265 385
264 265 386
265 266 385
265 266 386
266 267 385
266 267 386
267 268 385
267 268 386
268 269 385
268 269 386
269 270 385
269 270 386
270 271 385
270 271 386
271 272 385
271 272 386
272 273 385
272 273 386
273 274 385
273 274 386
274 275 385
274 275 386
275 276 385
275 276 386
276 277 385
276 277 386
277 278 385
277 278 386
278 279 385
278 279 386
279 280 385
279 280 386
280 281 385
280 281 386
281 282 385
281 282 386
282 283 385
282 283 386
283 284 385
283 284 386
284 285 385
284 285 386
285 286 385
285 286 386
286 287 385
286 287 386
287 288 385
287 288 386
288 289 385
288 289 386
289 290 385
289 290 386
290 291 385
290 291 386
291 292 385
291 292 386
292 293 385
292 293 386
293 294 385
293 294 386
294 295 385
294 295 386
295 296 385
295 296 386
296 297 385
296 297 386
297 298 385
297 298 386
298 299 385
298 299 386
299 300 385
299 300 386
300 301 385
300 301 386
301 302 385
301 302 386
302 303 385
302 303 386
303 304 385
303 304 386
304 305 385
304 305 386
305 306 385
305 306 386
306 307 385
306 307 386
307 308 385
307 308 386
308 309 385
308 309 386
309 310 385
309 310 386
310 311 385
310 311 386
311 312 385
311 312 386
312 313 385
312 313 386
313 314 385
313 314 386
314 315 385
314 315 386
315 316 385
315 316 386
316 317 385
316 317 386
317 318 385
317 318 386
318 319 385
318 319 386
319 320 385
319 320 386
320 321 385
320 321 386
321 322 385
321 322 386
322 323 385
322 323 386
323 324 385
323 324 386
324 325 385
324 325 386
325 326 385
325 326 386
326 327 385
326 327 386
327 328 385
327 328 386
328 329 385
328 329 386
329 330 385
329 330 386
330 331 385
330 331 386
331 332 385
331 332 386
332 333 385
332 333 386
333 334 385
333 334 386
334 335 385
334 335 386
335 336 385
335 336 386
336 337 385
336 337 386
337 338 385
337 338 386
338 339 385
338 339 386
339 340 385
339 340 386
340 341 385
340 341 386
341 342 385
341 342 386
342 343 385
342 343 386
343 344 385
343 344 386
344 345 385
344 345 386
345 346 385
345 346 386
346 347 385
346 347 386
347 348 385
347 348 386
348 349 385
348 349 386
349 350 385
349 350 386
350 351 385
350 351 386
351 352 385
351 352 386
352 353 385
352 353 386
353 354 385
353 354 386
354 355 385
354 355 386
355 356 385
355 356 386
356 357 385
356 357 386
357 358 385
357 358 386
358 359 385
358 359 386
359 360 385
359 360 386
360 361 385
360 361 386
361 362 385
361 362 386
362 363 385
362 363 386
363 364 385
363 364 386
364 365 385
364 365 386
365 366 385
365 366 386
366 367 385
366 367 386
367 368 385
367 368 386
368 369 385
368 369 386
369 370 385
369 370 386
370 371 385
370 371 386
371 372 385
371 372 386
372 373 385
372 373 386
373 374 385
373 374 386
374 375 385
374 375 386
375 376 385
375 376 386
376 377 385
376 377 386
377 378 385
377 378 386
378 379 385
378 379 386
379 380 385
379 380 386
380 381 385
380 381 386
381 382 385
381 382 386
382 383 385
382 383 386
383 384 385
383 384 386
384 0 385
384 0 386
