0 0 0
262
1 0 0
0.9997080140801929 0.024163745236132288 0
0.9988322268323266 0.048313379525507065 0
0.9973731496914912 0.07243480016176236 0
0.9953316347176486 0.0965139209145151 0
0.992708874098054 0.12053668025532305 0
0.9895063994510511 0.14448904956922132 0
0.9857260809316509 0.16835704134703852 0
0.9813701261394134 0.19212671735370837 0
0.9764410788292721 0.21578419676780614 0
0.970941817426052 0.23931566428755777 0
0.9648755533435515 0.2627073781985869 0
0.9582458291091662 0.2859456783986893 0
0.9510565162951535 0.30901699437494745 0
0.943311813257743 0.3319078531285285 0
0.9350162426854148 0.3546048870425357 0
0.9261746489577765 0.3770948416883205 0
0.9167921953165824 0.39936458356569565 0
0.9068743608505454 0.4214011077725292 0
0.8964269372957037 0.44319154559924145 0
0.8854560256532098 0.4647231720437687 0
0.8739680326265179 0.4859834132426062 0
0.8619696668800492 0.5069598538135904 0
0.8494679351215211 0.5276402441061327 0
0.8364701380102267 0.54801250735467 0
0.8229838658936565 0.5680647467311557 0
0.8090169943749475 0.587785252292473 0
0.7945776797137544 0.6071625078187111 0
0.7796743540632225 0.6261851975383135 0
0.7643157205458485 0.6448422127361704 0
0.7485107481711013 0.663122658240795 0
0.7322686665977738 0.6810158587867969 0
0.7155989607441213 0.6985113652489368 0
0.6985113652489373 0.7155989607441208 0
0.6810158587867975 0.7322686665977732 0
0.6631226582407956 0.7485107481711007 0
0.644842212736171 0.764315720545848 0
0.6261851975383141 0.779674354063222 0
0.6071625078187117 0.7945776797137538 0
0.5877852522924737 0.809016994374947 0
0.5680647467311564 0.822983865893656 0
0.5480125073546707 0.8364701380102263 0
0.5276402441061333 0.8494679351215206 0
0.506959853813591 0.861969666880049 0
0.4859834132426066 0.8739680326265177 0
0.464723172043769 0.8854560256532097 0
0.44319154559924173 0.8964269372957036 0
0.4214011077725295 0.9068743608505453 0
0.3993645835656959 0.9167921953165823 0
0.3770948416883207 0.9261746489577765 0
0.3546048870425358 0.9350162426854147 0
0.33190785312852855 0.943311813257743 0
0.30901699437494745 0.9510565162951535 0
0.28594567839868923 0.9582458291091662 0
0.26270737819858686 0.9648755533435515 0
0.23931566428755763 0.970941817426052 0
0.2157841967678059 0.9764410788292721 0
0.1921267173537081 0.9813701261394135 0
0.16835704134703822 0.9857260809316509 0
0.1444890495692209 0.9895063994510511 0
0.12053668025532256 0.9927088740980541 0
0.09651392091451456 0.9953316347176486 0
0.07243480016176174 0.9973731496914912 0
0.04831337952550638 0.9988322268323266 0
0.024163745236131528 0.9997080140801929 0
-8.269460797427576e-16 1.0 0
-0.024163745236133183 0.9997080140801929 0
-0.04831337952550803 0.9988322268323265 0
-0.07243480016176339 0.997373149691491 0
-0.0965139209145162 0.9953316347176485 0
-0.12053668025532421 0.9927088740980539 0
-0.14448904956922254 0.9895063994510509 0
-0.16835704134703983 0.9857260809316507 0
-0.19212671735370973 0.9813701261394132 0
-0.21578419676780755 0.9764410788292718 0
-0.23931566428755924 0.9709418174260517 0
-0.2627073781985884 0.964875553343551 0
-0.28594567839869084 0.9582458291091658 0
-0.30901699437494906 0.9510565162951531 0
-0.3319078531285301 0.9433118132577425 0
-0.35460488704253734 0.9350162426854142 0
-0.3770948416883222 0.9261746489577758 0
-0.3993645835656974 0.9167921953165816 0
-0.421401107772531 0.9068743608505446 0
-0.44319154559924323 0.8964269372957028 0
-0.46472317204377045 0.8854560256532089 0
-0.485983413242608 0.8739680326265169 0
-0.5069598538135924 0.8619696668800481 0
-0.5276402441061347 0.8494679351215197 0
-0.548012507354672 0.8364701380102254 0
-0.5680647467311579 0.822983865893655 0
-0.5877852522924752 0.8090169943749459 0
-0.6071625078187133 0.7945776797137527 0
-0.6261851975383158 0.7796743540632207 0
-0.6448422127361727 0.7643157205458465 0
-0.6631226582407973 0.7485107481710992 0
-0.6810158587867993 0.7322686665977716 0
-0.6985113652489391 0.715598960744119 0
-0.7155989607441232 0.6985113652489348 0
-0.7322686665977757 0.6810158587867948 0
-0.7485107481711032 0.6631226582407929 0
-0.7643157205458504 0.6448422127361682 0
-0.7796743540632245 0.6261851975383111 0
-0.7945776797137564 0.6071625078187085 0
-0.8090169943749494 0.5877852522924704 0
-0.8229838658936584 0.5680647467311529 0
-0.8364701380102287 0.548012507354667 0
-0.849467935121523 0.5276402441061296 0
-0.8619696668800512 0.5069598538135872 0
-0.8739680326265198 0.48598341324260275 0
-0.8854560256532117 0.4647231720437651 0
-0.8964269372957056 0.4431915455992378 0
-0.9068743608505472 0.4214011077725255 0
-0.9167921953165841 0.3993645835656918 0
-0.926174648957778 0.37709484168831664 0
-0.9350162426854163 0.3546048870425317 0
-0.9433118132577445 0.3319078531285244 0
-0.9510565162951549 0.3090169943749433 0
-0.9582458291091674 0.28594567839868507 0
-0.9648755533435527 0.26270737819858264 0
-0.9709418174260531 0.23931566428755335 0
-0.9764410788292731 0.21578419676780164 0
-0.9813701261394143 0.1921267173537038 0
-0.9857260809316517 0.1683570413470339 0
-0.9895063994510518 0.14448904956921657 0
-0.9927088740980545 0.12053668025531822 0
-0.9953316347176491 0.0965139209145102 0
-0.9973731496914915 0.07243480016175737 0
-0.9988322268323269 0.048313379525502 0
-0.999708014080193 0.02416374523612715 0
-1.0 -5.206605838286016e-15 0
-0.9997080140801928 -0.02416374523613756 0
-0.9988322268323263 -0.0483133795255124 0
-0.9973731496914907 -0.07243480016176776 0
-0.9953316347176481 -0.09651392091452057 0
-0.9927088740980533 -0.12053668025532856 0
-0.9895063994510503 -0.14448904956922687 0
-0.9857260809316499 -0.16835704134704416 0
-0.9813701261394123 -0.192126717353714 0
-0.9764410788292708 -0.21578419676781183 0
-0.9709418174260506 -0.23931566428756348 0
-0.9648755533435499 -0.2627073781985927 0
-0.9582458291091644 -0.285945678398695 0
-0.9510565162951516 -0.3090169943749532 0
-0.943311813257741 -0.3319078531285342 0
-0.9350162426854126 -0.35460488704254145 0
-0.9261746489577741 -0.37709484168832624 0
-0.9167921953165798 -0.39936458356570137 0
-0.9068743608505427 -0.4214011077725349 0
-0.8964269372957009 -0.4431915455992471 0
-0.8854560256532069 -0.46472317204377434 0
-0.8739680326265148 -0.48598341324261185 0
-0.8619696668800458 -0.5069598538135962 0
-0.8494679351215174 -0.5276402441061385 0
-0.836470138010223 -0.5480125073546757 0
-0.8229838658936525 -0.5680647467311615 0
-0.8090169943749433 -0.5877852522924788 0
-0.79457767971375 -0.6071625078187168 0
-0.779674354063218 -0.6261851975383192 0
-0.7643157205458437 -0.6448422127361761 0
-0.7485107481710963 -0.6631226582408006 0
-0.7322686665977686 -0.6810158587868025 0
-0.7155989607441159 -0.6985113652489423 0
-0.6985113652489316 -0.7155989607441262 0
-0.6810158587867916 -0.7322686665977787 0
-0.6631226582407895 -0.7485107481711061 0
-0.6448422127361648 -0.7643157205458533 0
-0.6261851975383077 -0.7796743540632273 0
-0.6071625078187051 -0.794577679713759 0
-0.5877852522924668 -0.809016994374952 0
-0.5680647467311493 -0.8229838658936609 0
-0.5480125073546633 -0.8364701380102312 0
-0.5276402441061259 -0.8494679351215253 0
-0.5069598538135834 -0.8619696668800534 0
-0.48598341324259897 -0.8739680326265219 0
-0.46472317204376123 -0.8854560256532137 0
-0.4431915455992339 -0.8964269372957074 0
-0.4214011077725215 -0.906874360850549 0
-0.3993645835656878 -0.9167921953165857 0
-0.3770948416883126 -0.9261746489577797 0
-0.35460488704252763 -0.9350162426854178 0
-0.3319078531285203 -0.9433118132577459 0
-0.3090169943749391 -0.9510565162951563 0
-0.28594567839868085 -0.9582458291091687 0
-0.26270737819857837 -0.9648755533435538 0
-0.2393156642875491 -0.9709418174260541 0
-0.21578419676779736 -0.976441078829274 0
-0.1921267173536995 -0.9813701261394152 0
-0.16835704134702956 -0.9857260809316524 0
-0.14448904956921224 -0.9895063994510525 0
-0.12053668025531387 -0.9927088740980551 0
-0.09651392091450585 -0.9953316347176495 0
-0.07243480016175301 -0.9973731496914918 0
-0.04831337952549763 -0.9988322268323271 0
-0.02416374523612277 -0.9997080140801932 0
9.586265596829275e-15 -1.0 0
0.02416374523614194 -0.9997080140801927 0
0.04831337952551678 -0.9988322268323261 0
0.07243480016177213 -0.9973731496914904 0
0.09651392091452493 -0.9953316347176476 0
0.1205366802553329 -0.9927088740980528 0
0.1444890495692312 -0.9895063994510497 0
0.16835704134704846 -0.9857260809316492 0
0.1921267173537183 -0.9813701261394115 0
0.2157841967678161 -0.9764410788292699 0
0.23931566428756773 -0.9709418174260496 0
0.2627073781985969 -0.9648755533435488 0
0.2859456783986992 -0.9582458291091632 0
0.3090169943749574 -0.9510565162951503 0
0.3319078531285384 -0.9433118132577396 0
0.35460488704254556 -0.9350162426854111 0
0.3770948416883303 -0.9261746489577725 0
0.3993645835657054 -0.9167921953165781 0
0.4214011077725389 -0.9068743608505409 0
0.44319154559925106 -0.8964269372956989 0
0.4647231720437782 -0.8854560256532048 0
0.4859834132426157 -0.8739680326265127 0
0.5069598538136 -0.8619696668800436 0
0.5276402441061422 -0.8494679351215152 0
0.5480125073546793 -0.8364701380102206 0
0.568064746731165 -0.82298386589365 0
0.5877852522924822 -0.8090169943749408 0
0.6071625078187203 -0.7945776797137474 0
0.6261851975383226 -0.7796743540632152 0
0.6448422127361795 -0.7643157205458408 0
0.6631226582408039 -0.7485107481710934 0
0.6810158587868057 -0.7322686665977656 0
0.6985113652489454 -0.7155989607441129 0
0.7155989607441293 -0.6985113652489285 0
0.7322686665977817 -0.6810158587867885 0
0.7485107481711091 -0.6631226582407863 0
0.7643157205458561 -0.6448422127361615 0
0.7796743540632299 -0.6261851975383043 0
0.7945776797137616 -0.6071625078187015 0
0.8090169943749546 -0.5877852522924633 0
0.8229838658936633 -0.5680647467311457 0
0.8364701380102335 -0.5480125073546597 0
0.8494679351215276 -0.5276402441061222 0
0.8619696668800556 -0.5069598538135797 0
0.8739680326265241 -0.4859834132425951 0
0.8854560256532158 -0.46472317204375735 0
0.8964269372957094 -0.44319154559922996 0
0.9068743608505508 -0.42140110777251755 0
0.9167921953165875 -0.39936458356568383 0
0.9261746489577813 -0.37709484168830854 0
0.9350162426854194 -0.3546048870425235 0
0.9433118132577474 -0.3319078531285162 0
0.9510565162951576 -0.30901699437493496 0
0.95824582910917 -0.28594567839867663 0
0.9648755533435549 -0.26270737819857415 0
0.9709418174260552 -0.23931566428754486 0
0.976441078829275 -0.2157841967677931 0
0.981370126139416 -0.1921267173536952 0
0.9857260809316531 -0.16835704134702525 0
0.989506399451053 -0.14448904956920788 0
0.9927088740980556 -0.12053668025530953 0
0.99533163471765 -0.09651392091450148 0
0.9973731496914922 -0.07243480016174864 0
0.9988322268323273 -0.04831337952549325 0
0.9997080140801933 -0.024163745236118393 0
0.0 0.0 1
0.0 0.0 -1
520
0 1 260
0 1 261
1 2 260
1 2 261
2 3 260
2 3 261
3 4 260
3 4 261
4 5 260
4 5 261
5 6 260
5 6 261
6 7 260
6 7 261
7 8 260
7 8 261
8 9 260
8 9 261
9 10 260
9 10 261
10 11 260
10 11 261
11 12 260
11 12 261
12 13 260
12 13 261
13 14 260
13 14 261
14 15 260
14 15 261
15 16 260
15 16 261
16 17 260
16 17 261
17 18 260
17 18 261
18 19 260
18 19 261
19 20 260
19 20 261
20 21 260
20 21 261
21 22 260
21 22 261
22 23 260
22 23 261
23 24 260
23 24 261
24 25 260
24 25 261
25 26 260
25 26 261
26 27 260
26 27 261
27 28 260
27 28 261
28 29 260
28 29 261
29 30 260
29 30 261
30 31 260
30 31 261
31 32 260
31 32 261
32 33 260
32 33 261
33 34 260
33 34 261
34 35 260
34 35 261
35 36 260
35 36 261
36 37 260
36 37 261
37 38 260
37 38 261
38 39 260
38 39 261
39 40 260
39 40 261
40 41 260
40 41 261
41 42 260
41 42 261
42 43 260
42 43 261
43 44 260
43 44 261
44 45 260
44 45 261
45 46 260
45 46 261
46 47 260
46 47 261
47 48 260
47 48 261
48 49 260
48 49 261
49 50 260
49 50 261
50 51 260
50 51 261
51 52 260
51 52 261
52 53 260
52 53 261
53 54 260
53 54 261
54 55 260
54 55 261
55 56 260
55 56 261
56 57 260
56 57 261
57 58 260
57 58 261
58 59 260
58 59 261
59 60 260
59 60 261
60 61 260
60 61 261
61 62 260
61 62 261
62 63 260
62 63 261
63 64 260
63 64 261
64 65 260
64 65 261
65 66 260
65 66 261
66 67 260
66 67 261
67 68 260
67 68 261
68 69 260
68 69 261
69 70 260
69 70 261
70 71 260
70 71 261
71 72 260
71 72 261
72 73 260
72 73 261
73 74 260
73 74 261
74 75 260
74 75 261
75 76 260
75 76 261
76 77 260
76 77 261
77 78 260
77 78 261
78 79 260
78 79 261
79 80 260
79 80 261
80 81 260
80 81 261
81 82 260
81 82 261
82 83 260
82 83 261
83 84 260
83 84 261
84 85 260
84 85 261
85 86 260
85 86 261
86 87 260
86 87 261
87 88 260
87 88 261
88 89 260
88 89 261
89 90 260
89 90 261
90 91 260
90 91 261
91 92 260
91 92 261
92 93 260
92 93 261
93 94 260
93 94 261
94 95 260
94 95 261
95 96 260
95 96 261
96 97 260
96 97 261
97 98 260
97 98 261
98 99 260
98 99 261
99 100 260
99 100 261
100 101 260
100 101 261
101 102 260
101 102 261
102 103 260
102 103 261
103 104 260
103 104 261
104 105 260
104 105 261
105 106 260
105 106 261
106 107 260
106 107 261
107 108 260
107 108 261
108 109 260
108 109 261
109 110 260
109 110 261
110 111 260
110 111 261
111 112 260
111 112 261
112 113 260
112 113 261
113 114 260
113 114 261
114 115 260
114 115 261
115 116 260
115 116 261
116 117 260
116 117 261
117 118 260
117 118 261
118 119 260
118 119 261
119 120 260
119 120 261
120 121 260
120 121 261
121 122 260
121 122 261
122 123 260
122 123 261
123 124 260
123 124 261
124 125 260
124 125 261
125 126 260
125 126 261
126 127 260
126 127 261
127 128 260
127 128 261
128 129 260
128 129 261
129 130 260
129 130 261
130 131 260
130 131 261
131 132 260
131 132 261
132 133 260
132 133 261
133 134 260
133 134 261
134 135 260
134 135 261
135 136 260
135 136 261
136 137 260
136 137 261
137 138 260
137 138 261
138 139 260
138 139 261
139 140 260
139 140 261
140 141 260
140 141 261
141 142 260
141 142 261
142 143 260
142 143 261
143 144 260
143 144 261
144 145 260
144 145 261
145 146 260
145 146 261
146 147 260
146 147 261
147 148 260
147 148 261
148 149 260
148 149 261
149 150 260
149 150 261
150 151 260
150 151 261
151 152 260
151 152 261
152 153 260
152 153 261
153 154 260
153 154 261
154 155 260
154 155 261
155 156 260
155 156 261
156 157 260
156 157 261
157 158 260
157 158 261
158 159 260
158 159 261
159 160 260
159 160 261
160 161 260
160 161 261
161 162 260
161 162 261
162 163 260
162 163 261
163 164 260
163 164 261
164 165 260
164 165 261
165 166 260
165 166 261
166 167 260
166 167 261
167 168 260
167 168 261
168 169 260
168 169 261
169 170 260
169 170 261
170 171 260
170 171 261
171 172 260
171 172 261
172 173 260
172 173 261
173 174 260
173 174 261
174 175 260
174 175 261
175 176 260
175 176 261
176 177 260
176 177 261
177 178 260
177 178 261
178 179 260
178 179 261
179 180 260
179 180 261
180 181 260
180 181 261
181 182 260
181 182 261
182 183 260
182 183 261
183 184 260
183 184 261
184 185 260
184 185 261
185 186 260
185 186 261
186 187 260
186 187 261
187 188 260
187 188 261
188 189 260
188 189 261
189 190 260
189 190 261
190 191 260
190 191 261
191 192 260
191 192 261
192 193 260
192 193 261
193 194 260
193 194 261
194 195 260
194 195 261
195 196 260
195 196 261
196 197 260
196 197 261
197 198 260
197 198 261
198 199 260
198 199 261
199 200 260
199 200 261
200 201 260
200 201 261
201 202 260
201 202 261
202 203 260
202 203 261
203 204 260
203 204 261
204 205 260
204 205 261
205 206 260
205 206 261
206 207 260
206 207 261
207 208 260
207 208 261
208 209 260
208 209 261
209 210 260
209 210 261
210 211 260
210 211 261
211 212 260
211 212 261
212 213 260
212 213 261
213 214 260
213 214 261
214 215 260
214 215 261
215 216 260
215 216 261
216 217 260
216 217 261
217 218 260
217 218 261
218 219 260
218 219 261
219 220 260
219 220 261
220 221 260
220 221 261
221 222 260
221 222 261
222 223 260
222 223 261
223 224 260
223 224 261
224 225 260
224 225 261
225 226 260
225 226 261
226 227 260
226 227 261
227 228 260
227 228 261
228 229 260
228 229 261
229 230 260
229 230 261
230 231 260
230 231 261
231 232 260
231 232 261
232 233 260
232 233 261
233 234 260
233 234 261
234 235 260
234 235 261
235 236 260
235 236 261
236 237 260
236 237 261
237 238 260
237 238 261
238 239 260
238 239 261
239 240 260
239 240 261
240 241 260
240 241 261
241 242 260
241 242 261
242 243 260
242 243 261
243 244 260
243 244 261
244 245 260
244 245 261
245 246 260
245 246 261
246 247 260
246 247 261
247 248 260
247 248 261
248 249 260
248 249 261
249 250 260
249 250 261
250 251 260
250 251 261
251 252 260
251 252 261
252 253 260
252 253 261
253 254 260
253 254 261
254 255 260
254 255 261
255 256 260
255 256 261
256 257 260
256 257 261
257 258 260
257 258 261
258 259 260
258 259 261
259 0 260
259 0 261
