0 0 0
512
1 0 0
0.9999241101148306 0.012319659535238442 0
0.9996964519778716 0.02463744919538197 0
0.9993170601430229 0.03695149938914489 0
0.99878599219429 0.04925994109281685 0
0.9981033287370441 0.061560906133942835 0
0.997269173385788 0.07385252747487396 0
0.9962836527484294 0.086132939496146 0
0.9951469164070644 0.0984002782796427 0
0.9938591368952737 0.11065268189150083 0
0.9924205096719357 0.1228882906647141 0
0.9908312530915603 0.13510524748139294 0
0.989091608371146 0.14730169805463747 0
0.987201839553569 0.15947579120998076 0
0.9851622334675065 0.17162567916635957 0
0.9829730996839018 0.18374951781657028 0
0.9806347704689777 0.1958454670071669 0
0.9781476007338057 0.20791169081775926 0
0.9755119679804367 0.21994635783966854 0
0.9727282722446048 0.23194764145389807 0
0.9697969360350095 0.24391372010837706 0
0.9667184042691874 0.2558427775944355 0
0.9634931442059831 0.26773300332246786 0
0.9601216453746282 0.2795825925967438 0
0.9566044195004408 0.2913897468893246 0
0.9529420004271566 0.30315267411304353 0
0.9491349440359013 0.3148695888935079 0
0.9451838281608195 0.32653871284008334 0
0.9410892525013715 0.3381582748158172 0
0.9368518385313106 0.34972651120626125 0
0.9324722294043558 0.36124166618715303 0
0.9279510898565746 0.37270199199091414 0
0.9232891061054893 0.38410574917192597 0
0.9184869857459229 0.3954512068705427 0
0.9135454576426009 0.4067366430758004 0
0.9084652718195236 0.41796034488678363 0
0.9032471993461287 0.42912060877260916 0
0.8978920322202579 0.4402157408309876 0
0.8924005832479477 0.45124405704532305 0
0.8867736859200618 0.46220388354031344 0
0.8810121942857844 0.47309355683601034 0
0.8751169828229926 0.4839114241003019 0
0.8690889463055281 0.4946558433997791 0
0.8629289996673896 0.5053251839489483 0
0.8566380778638627 0.5159178263577513 0
0.8502171357296141 0.526432162877356 0
0.8436671478337663 0.5368665976441801 0
0.8369891083319778 0.5472195469221113 0
0.8301840308155506 0.5574894393428856 0
0.8232529481575872 0.5676747161445902 0
0.8161969123562217 0.5777738314082511 0
0.8090169943749475 0.5877852522924731 0
0.8017142839800667 0.5977074592660936 0
0.7942898895752861 0.6075389463388168 0
0.7867449380334833 0.6172782212897928 0
0.7790805745256706 0.6269238058941063 0
0.7712979623471807 0.6364742361471413 0
0.7633982827411031 0.6459280624867871 0
0.755382734718994 0.6552838500134534 0
0.7472525348788912 0.6645401787078578 0
0.7390089172206593 0.673695643646557 0
0.7306531329586934 0.6827488552151851 0
0.7221864503320097 0.6916984393193697 0
0.7136101544117526 0.7005430375932906 0
0.7049255469061475 0.7092813076058531 0
0.696133945962927 0.7179119230644415 0
0.6872366859692631 0.7264335740162238 0
0.6782351173492344 0.7348449670469753 0
0.6691306063588587 0.7431448254773938 0
0.659924534878723 0.7513318895568729 0
0.6506183002042426 0.7594049166547067 0
0.6412133148335789 0.7673626814486965 0
0.6317110062532516 0.7752039761111293 0
0.6221128167214746 0.7829276104921024 0
0.6124202030492507 0.7905324123001628 0
0.6026346363792571 0.7980172272802389 0
0.5927576019625557 0.805380919388832 0
0.5827905989331617 0.8126223709664451 0
0.572735140080506 0.8197404829072206 0
0.5625927516198239 0.826734174825763 0
0.5523649729605067 0.833602385221119 0
0.5420533564724502 0.8403440716378922 0
0.531659467250437 0.8469582108244665 0
0.521184882876586 0.8534437988883153 0
0.510631193180908 0.8597998514483718 0
0.5000000000000011 0.866025403784438 0
0.4892929169339247 0.8721195109836102 0
0.47851156910128767 0.8780812480836974 0
0.46765759289258796 0.8839097102136114 0
0.4567326357218418 0.8896040127307089 0
0.44573835577653953 0.8951632913550617 0
0.43467642176596627 0.9005867023006368 0
0.4235485126679256 0.9058734224033664 0
0.4123563174739049 0.9110226492460877 0
0.40110153493272016 0.9160336012803328 0
0.38978587329268083 0.920905517944953 0
0.3784110500423118 0.9256376597815557 0
0.3669787916496736 0.9302293085467397 0
0.3554908333003196 0.93467976732111 0
0.34394891863392973 0.938988360615056 0
0.33235479947966134 0.9431544344712769 0
0.32071023559025685 0.9471773565640397 0
0.30901699437494917 0.951056516295153 0
0.29727685063120446 0.9547913248866438 0
0.2854915862753439 0.9583812154701217 0
0.2736629900720847 0.9618256431728185 0
0.2617928573630422 0.9651240852002886 0
0.24988298979423276 0.9682760409157584 0
0.23793519504262076 0.9712810319161134 0
0.22595128654174967 0.9741386021045096 0
0.2139330832064995 0.9768483177596002 0
0.20188240915701236 0.9794097676013654 0
0.1898010934418279 0.9818225628535364 0
0.1776909697602708 0.984086337302604 0
0.16555387618413217 0.9862007473534022 0
0.15339165487868764 0.988165472081259 0
0.1412061518230937 0.9899802132807066 0
0.1289992165302056 0.9916446955107424 0
0.11677270176585869 0.993158666136636 0
0.10452846326765589 0.9945218953682731 0
0.09226835946330444 0.9957341762950342 0
0.07999425118854413 0.9967953249171989 0
0.06770800140470998 0.9977051801738727 0
0.055411474915972515 0.9984636039674338 0
0.04310653808629818 0.999070481184493 0
0.03079505855617299 0.9995257197133658 0
0.01847890495913258 0.9998292504580526 0
0.006159946638141355 0.9999810273487268 0
-0.006159946638135904 0.999981027348727 0
-0.01847890495912713 0.9998292504580527 0
-0.030795058556167543 0.999525719713366 0
-0.04310653808629273 0.9990704811844933 0
-0.055411474915967075 0.9984636039674342 0
-0.06770800140470454 0.9977051801738731 0
-0.07999425118853869 0.9967953249171994 0
-0.09226835946329902 0.9957341762950348 0
-0.10452846326765046 0.9945218953682736 0
-0.11677270176585326 0.9931586661366365 0
-0.12899921653020022 0.9916446955107432 0
-0.1412061518230883 0.9899802132807074 0
-0.15339165487868225 0.9881654720812599 0
-0.1655538761841268 0.9862007473534031 0
-0.17769096976026544 0.984086337302605 0
-0.18980109344182255 0.9818225628535375 0
-0.20188240915700703 0.9794097676013666 0
-0.21393308320649418 0.9768483177596015 0
-0.22595128654174437 0.9741386021045109 0
-0.23793519504261548 0.9712810319161147 0
-0.2498829897942275 0.9682760409157597 0
-0.2617928573630369 0.96512408520029 0
-0.2736629900720795 0.96182564317282 0
-0.2854915862753386 0.9583812154701232 0
-0.29727685063119924 0.9547913248866454 0
-0.30901699437494395 0.9510565162951546 0
-0.3207102355902517 0.9471773565640415 0
-0.3323547994796562 0.9431544344712787 0
-0.3439489186339246 0.9389883606150579 0
-0.35549083330031456 0.9346797673211119 0
-0.3669787916496685 0.9302293085467417 0
-0.37841105004230674 0.9256376597815578 0
-0.3897858732926758 0.9209055179449551 0
-0.40110153493271516 0.9160336012803351 0
-0.4123563174738999 0.91102264924609 0
-0.4235485126679207 0.9058734224033688 0
-0.43467642176596133 0.9005867023006392 0
-0.44573835577653464 0.8951632913550641 0
-0.456732635721837 0.8896040127307114 0
-0.4676575928925832 0.883909710213614 0
-0.4785115691012829 0.8780812480836999 0
-0.48929291693391996 0.872119510983613 0
-0.49999999999999634 0.8660254037844408 0
-0.5106311931809033 0.8597998514483746 0
-0.5211848828765814 0.8534437988883182 0
-0.5316594672504324 0.8469582108244694 0
-0.5420533564724457 0.840344071637895 0
-0.5523649729605021 0.833602385221122 0
-0.5625927516198195 0.8267341748257659 0
-0.5727351400805015 0.8197404829072237 0
-0.5827905989331572 0.8126223709664483 0
-0.5927576019625512 0.8053809193888353 0
-0.6026346363792527 0.7980172272802423 0
-0.6124202030492464 0.7905324123001661 0
-0.6221128167214702 0.7829276104921057 0
-0.6317110062532473 0.7752039761111328 0
-0.6412133148335748 0.7673626814486999 0
-0.6506183002042385 0.7594049166547102 0
-0.659924534878719 0.7513318895568765 0
-0.6691306063588547 0.7431448254773975 0
-0.6782351173492304 0.734844967046979 0
-0.6872366859692591 0.7264335740162274 0
-0.6961339459629231 0.7179119230644453 0
-0.7049255469061436 0.709281307605857 0
-0.7136101544117488 0.7005430375932945 0
-0.7221864503320059 0.6916984393193737 0
-0.7306531329586897 0.6827488552151891 0
-0.7390089172206556 0.673695643646561 0
-0.7472525348788875 0.6645401787078619 0
-0.7553827347189904 0.6552838500134575 0
-0.7633982827410996 0.6459280624867914 0
-0.7712979623471773 0.6364742361471455 0
-0.7790805745256671 0.6269238058941106 0
-0.78674493803348 0.6172782212897971 0
-0.7942898895752828 0.6075389463388212 0
-0.8017142839800635 0.5977074592660979 0
-0.8090169943749442 0.5877852522924776 0
-0.8161969123562185 0.5777738314082556 0
-0.8232529481575841 0.5676747161445946 0
-0.8301840308155476 0.5574894393428902 0
-0.8369891083319748 0.5472195469221158 0
-0.8436671478337633 0.5368665976441848 0
-0.8502171357296112 0.5264321628773606 0
-0.8566380778638598 0.515917826357756 0
-0.8629289996673868 0.505325183948953 0
-0.8690889463055255 0.4946558433997838 0
-0.8751169828229899 0.4839114241003067 0
-0.8810121942857817 0.47309355683601517 0
-0.8867736859200592 0.4622038835403184 0
-0.8924005832479451 0.45124405704532805 0
-0.8978920322202555 0.44021574083099263 0
-0.9032471993461263 0.4291206087726143 0
-0.9084652718195212 0.41796034488678885 0
-0.9135454576425984 0.4067366430758057 0
-0.9184869857459206 0.39545120687054813 0
-0.923289106105487 0.38410574917193147 0
-0.9279510898565724 0.3727019919909197 0
-0.9324722294043536 0.3612416661871587 0
-0.9368518385313085 0.34972651120626697 0
-0.9410892525013694 0.33815827481582295 0
-0.9451838281608175 0.32653871284008923 0
-0.9491349440358993 0.31486958889351385 0
-0.9529420004271546 0.3031526741130495 0
-0.956604419500439 0.2913897468893307 0
-0.9601216453746263 0.27958259259675 0
-0.9634931442059814 0.26773300332247413 0
-0.9667184042691858 0.25584277759444185 0
-0.9697969360350078 0.24391372010838347 0
-0.9727282722446032 0.23194764145390454 0
-0.9755119679804352 0.21994635783967506 0
-0.9781476007338042 0.2079116908177658 0
-0.9806347704689764 0.1958454670071735 0
-0.9829730996839006 0.18374951781657692 0
-0.9851622334675053 0.17162567916636626 0
-0.9872018395535679 0.15947579120998748 0
-0.989091608371145 0.14730169805464424 0
-0.9908312530915594 0.13510524748139974 0
-0.992420509671935 0.12288829066472094 0
-0.9938591368952729 0.11065268189150772 0
-0.9951469164070638 0.09840027827964962 0
-0.9962836527484289 0.08613293949615296 0
-0.9972691733857876 0.07385252747488096 0
-0.9981033287370437 0.06156090613394988 0
-0.9987859921942895 0.04925994109282393 0
-0.9993170601430226 0.03695149938915201 0
-0.9996964519778715 0.024637449195389127 0
-0.9999241101148305 0.012319659535245634 0
-1.0 7.227892037515737e-15 0
-0.9999241101148306 -0.012319659535231179 0
-0.9996964519778718 -0.024637449195374677 0
-0.9993170601430231 -0.03695149938913756 0
-0.9987859921942903 -0.04925994109280949 0
-0.9981033287370445 -0.061560906133935445 0
-0.9972691733857886 -0.07385252747486654 0
-0.9962836527484301 -0.08613293949613855 0
-0.9951469164070652 -0.09840027827963524 0
-0.9938591368952745 -0.11065268189149335 0
-0.9924205096719367 -0.12288829066470659 0
-0.9908312530915613 -0.13510524748138542 0
-0.9890916083711471 -0.14730169805462995 0
-0.9872018395535702 -0.1594757912099732 0
-0.9851622334675079 -0.17162567916635202 0
-0.9829730996839032 -0.1837495178165627 0
-0.9806347704689793 -0.19584546700715932 0
-0.9781476007338072 -0.20791169081775168 0
-0.9755119679804384 -0.21994635783966096 0
-0.9727282722446066 -0.23194764145389046 0
-0.9697969360350114 -0.24391372010836945 0
-0.9667184042691895 -0.2558427775944279 0
-0.9634931442059853 -0.2677330033224602 0
-0.9601216453746304 -0.2795825925967361 0
-0.9566044195004432 -0.2913897468893169 0
-0.952942000427159 -0.30315267411303576 0
-0.9491349440359038 -0.31486958889350014 0
-0.9451838281608222 -0.3265387128400756 0
-0.9410892525013743 -0.33815827481580935 0
-0.9368518385313135 -0.3497265112062534 0
-0.9324722294043588 -0.3612416661871452 0
-0.9279510898565777 -0.3727019919909063 0
-0.9232891061054925 -0.38410574917191814 0
-0.9184869857459264 -0.39545120687053487 0
-0.9135454576426043 -0.4067366430757925 0
-0.9084652718195272 -0.41796034488677575 0
-0.9032471993461325 -0.4291206087726013 0
-0.8978920322202618 -0.44021574083097964 0
-0.8924005832479517 -0.4512440570453152 0
-0.8867736859200659 -0.46220388354030556 0
-0.8810121942857886 -0.47309355683600246 0
-0.8751169828229969 -0.48391142410029403 0
-0.8690889463055327 -0.49465584339977126 0
-0.8629289996673941 -0.5053251839489405 0
-0.8566380778638673 -0.5159178263577435 0
-0.8502171357296188 -0.5264321628773483 0
-0.8436671478337711 -0.5368665976441725 0
-0.8369891083319827 -0.5472195469221037 0
-0.8301840308155556 -0.5574894393428781 0
-0.8232529481575923 -0.5676747161445828 0
-0.8161969123562269 -0.5777738314082438 0
-0.8090169943749528 -0.5877852522924658 0
-0.8017142839800722 -0.5977074592660864 0
-0.7942898895752916 -0.6075389463388097 0
-0.7867449380334889 -0.6172782212897858 0
-0.7790805745256761 -0.6269238058940994 0
-0.7712979623471865 -0.6364742361471343 0
-0.763398282741109 -0.6459280624867803 0
-0.7553827347189999 -0.6552838500134466 0
-0.7472525348788971 -0.6645401787078511 0
-0.7390089172206654 -0.6736956436465503 0
-0.7306531329586996 -0.6827488552151786 0
-0.7221864503320159 -0.6916984393193633 0
-0.7136101544117589 -0.7005430375932842 0
-0.7049255469061539 -0.7092813076058468 0
-0.6961339459629334 -0.7179119230644353 0
-0.6872366859692697 -0.7264335740162176 0
-0.678235117349241 -0.7348449670469692 0
-0.6691306063588653 -0.7431448254773878 0
-0.6599245348787298 -0.7513318895568669 0
-0.6506183002042495 -0.7594049166547008 0
-0.6412133148335858 -0.7673626814486907 0
-0.6317110062532585 -0.7752039761111237 0
-0.6221128167214816 -0.7829276104920967 0
-0.6124202030492578 -0.7905324123001573 0
-0.6026346363792643 -0.7980172272802335 0
-0.5927576019625629 -0.8053809193888268 0
-0.582790598933169 -0.8126223709664399 0
-0.5727351400805134 -0.8197404829072154 0
-0.5625927516198314 -0.8267341748257578 0
-0.5523649729605142 -0.833602385221114 0
-0.5420533564724578 -0.8403440716378873 0
-0.5316594672504447 -0.8469582108244618 0
-0.5211848828765937 -0.8534437988883107 0
-0.5106311931809158 -0.8597998514483672 0
-0.5000000000000089 -0.8660254037844335 0
-0.48929291693393256 -0.8721195109836059 0
-0.4785115691012956 -0.878081248083693 0
-0.46765759289259595 -0.8839097102136072 0
-0.4567326357218498 -0.8896040127307048 0
-0.4457383557765476 -0.8951632913550577 0
-0.4346764217659744 -0.9005867023006329 0
-0.42354851266793375 -0.9058734224033627 0
-0.4123563174739131 -0.911022649246084 0
-0.40110153493272843 -0.9160336012803293 0
-0.3897858732926891 -0.9209055179449495 0
-0.3784110500423201 -0.9256376597815522 0
-0.366978791649682 -0.9302293085467364 0
-0.35549083330032805 -0.9346797673211068 0
-0.3439489186339382 -0.9389883606150529 0
-0.33235479947966984 -0.9431544344712739 0
-0.32071023559026535 -0.9471773565640368 0
-0.3090169943749577 -0.9510565162951502 0
-0.297276850631213 -0.9547913248866411 0
-0.2854915862753525 -0.9583812154701191 0
-0.2736629900720934 -0.961825643172816 0
-0.2617928573630509 -0.9651240852002863 0
-0.24988298979424148 -0.9682760409157561 0
-0.23793519504262953 -0.9712810319161113 0
-0.22595128654175844 -0.9741386021045076 0
-0.2139330832065083 -0.9768483177595984 0
-0.2018824091570212 -0.9794097676013637 0
-0.18980109344183677 -0.9818225628535348 0
-0.17769096976027965 -0.9840863373026024 0
-0.16555387618414105 -0.9862007473534007 0
-0.15339165487869652 -0.9881654720812577 0
-0.14120615182310262 -0.9899802132807054 0
-0.12899921653021454 -0.9916446955107413 0
-0.11677270176586763 -0.9931586661366348 0
-0.10452846326766484 -0.9945218953682722 0
-0.09226835946331341 -0.9957341762950335 0
-0.0799942511885531 -0.9967953249171981 0
-0.06770800140471896 -0.9977051801738721 0
-0.05541147491598151 -0.9984636039674333 0
-0.04310653808630717 -0.9990704811844927 0
-0.03079505855618199 -0.9995257197133656 0
-0.01847890495914158 -0.9998292504580525 0
-0.006159946638150359 -0.9999810273487268 0
0.0061599466381269 -0.999981027348727 0
0.018478904959118126 -0.9998292504580529 0
0.03079505855615854 -0.9995257197133662 0
0.04310653808628373 -0.9990704811844937 0
0.05541147491595808 -0.9984636039674346 0
0.06770800140469556 -0.9977051801738737 0
0.07999425118852971 -0.9967953249172 0
0.09226835946329005 -0.9957341762950356 0
0.10452846326764151 -0.9945218953682746 0
0.11677270176584433 -0.9931586661366376 0
0.12899921653019128 -0.9916446955107443 0
0.14120615182307938 -0.9899802132807087 0
0.15339165487867334 -0.9881654720812613 0
0.16555387618411793 -0.9862007473534046 0
0.17769096976025658 -0.9840863373026066 0
0.18980109344181373 -0.9818225628535392 0
0.2018824091569982 -0.9794097676013683 0
0.21393308320648538 -0.9768483177596033 0
0.2259512865417356 -0.9741386021045129 0
0.23793519504260674 -0.9712810319161168 0
0.24988298979421877 -0.968276040915762 0
0.26179285736302826 -0.9651240852002924 0
0.27366299007207084 -0.9618256431728225 0
0.28549158627533 -0.9583812154701259 0
0.29727685063119064 -0.9547913248866481 0
0.3090169943749354 -0.9510565162951574 0
0.32071023559024314 -0.9471773565640443 0
0.3323547994796477 -0.9431544344712817 0
0.3439489186339162 -0.938988360615061 0
0.3554908333003061 -0.9346797673211151 0
0.3669787916496602 -0.930229308546745 0
0.3784110500422984 -0.9256376597815612 0
0.3897858732926675 -0.9209055179449587 0
0.40110153493270695 -0.9160336012803387 0
0.41235631747389173 -0.9110226492460937 0
0.42354851266791255 -0.9058734224033727 0
0.4346764217659532 -0.9005867023006431 0
0.4457383557765266 -0.8951632913550681 0
0.456732635721829 -0.8896040127307155 0
0.4676575928925752 -0.8839097102136182 0
0.478511569101275 -0.8780812480837042 0
0.4892929169339121 -0.8721195109836173 0
0.49999999999998856 -0.8660254037844453 0
0.5106311931808956 -0.8597998514483792 0
0.5211848828765737 -0.8534437988883229 0
0.5316594672504248 -0.8469582108244742 0
0.5420533564724381 -0.8403440716378999 0
0.5523649729604947 -0.833602385221127 0
0.5625927516198119 -0.826734174825771 0
0.5727351400804942 -0.8197404829072288 0
0.5827905989331499 -0.8126223709664535 0
0.592757601962544 -0.8053809193888407 0
0.6026346363792455 -0.7980172272802477 0
0.6124202030492392 -0.7905324123001717 0
0.6221128167214632 -0.7829276104921112 0
0.6317110062532403 -0.7752039761111384 0
0.6412133148335678 -0.7673626814487058 0
0.6506183002042316 -0.7594049166547161 0
0.6599245348787123 -0.7513318895568823 0
0.6691306063588479 -0.7431448254774035 0
0.6782351173492238 -0.7348449670469851 0
0.6872366859692526 -0.7264335740162337 0
0.6961339459629166 -0.7179119230644516 0
0.7049255469061373 -0.7092813076058633 0
0.7136101544117425 -0.7005430375933009 0
0.7221864503319996 -0.6916984393193801 0
0.7306531329586835 -0.6827488552151957 0
0.7390089172206495 -0.6736956436465676 0
0.7472525348788815 -0.6645401787078686 0
0.7553827347189844 -0.6552838500134642 0
0.7633982827410938 -0.6459280624867981 0
0.7712979623471715 -0.6364742361471524 0
0.7790805745256615 -0.6269238058941176 0
0.7867449380334743 -0.6172782212898043 0
0.7942898895752774 -0.6075389463388283 0
0.8017142839800581 -0.5977074592661051 0
0.8090169943749389 -0.5877852522924848 0
0.8161969123562134 -0.5777738314082629 0
0.823252948157579 -0.5676747161446021 0
0.8301840308155426 -0.5574894393428976 0
0.8369891083319699 -0.5472195469221234 0
0.8436671478337585 -0.5368665976441923 0
0.8502171357296064 -0.5264321628773683 0
0.8566380778638552 -0.5159178263577636 0
0.8629289996673822 -0.5053251839489608 0
0.869088946305521 -0.49465584339979163 0
0.8751169828229856 -0.4839114241003145 0
0.8810121942857775 -0.4730935568360231 0
0.886773685920055 -0.4622038835403264 0
0.8924005832479411 -0.4512440570453361 0
0.8978920322202515 -0.44021574083100073 0
0.9032471993461224 -0.4291206087726225 0
0.9084652718195174 -0.41796034488679706 0
0.9135454576425948 -0.4067366430758139 0
0.918486985745917 -0.3954512068705564 0
0.9232891061054835 -0.3841057491719398 0
0.927951089856569 -0.37270199199092807 0
0.9324722294043504 -0.3612416661871671 0
0.9368518385313053 -0.3497265112062754 0
0.9410892525013664 -0.33815827481583144 0
0.9451838281608146 -0.3265387128400977 0
0.9491349440358964 -0.3148695888935224 0
0.9529420004271519 -0.30315267411305813 0
0.9566044195004363 -0.2913897468893394 0
0.9601216453746239 -0.2795825925967586 0
0.963493144205979 -0.2677330033224828 0
0.9667184042691835 -0.25584277759445057 0
0.9697969360350057 -0.2439137201083922 0
0.9727282722446011 -0.23194764145391328 0
0.9755119679804332 -0.21994635783968383 0
0.9781476007338024 -0.20791169081777464 0
0.9806347704689747 -0.19584546700718233 0
0.9829730996838989 -0.18374951781658577 0
0.9851622334675038 -0.17162567916637514 0
0.9872018395535664 -0.15947579120999636 0
0.9890916083711436 -0.14730169805465315 0
0.9908312530915582 -0.13510524748140867 0
0.9924205096719338 -0.12288829066472988 0
0.9938591368952719 -0.11065268189151667 0
0.9951469164070629 -0.09840027827965858 0
0.9962836527484281 -0.08613293949616192 0
0.9972691733857869 -0.07385252747488993 0
0.9981033287370431 -0.06156090613395886 0
0.9987859921942892 -0.04925994109283292 0
0.9993170601430222 -0.03695149938916101 0
0.9996964519778713 -0.02463744919539813 0
0.9999241101148304 -0.012319659535254638 0
0.0 0.0 1
0.0 0.0 -1
1020
0 1 510
0 1 511
1 2 510
1 2 511
2 3 510
2 3 511
3 4 510
3 4 511
4 5 510
4 5 511
5 6 510
5 6 511
6 7 510
6 7 511
7 8 510
7 8 511
8 9 510
8 9 511
9 10 510
9 10 511
10 11 510
10 11 511
11 12 510
11 12 511
12 13 510
12 13 511
13 14 510
13 14 511
14 15 510
14 15 511
15 16 510
15 16 511
16 17 510
16 17 511
17 18 510
17 18 511
18 19 510
18 19 511
19 20 510
19 20 511
20 21 510
20 21 511
21 22 510
21 22 511
22 23 510
22 23 511
23 24 510
23 24 511
24 25 510
24 25 511
25 26 510
25 26 511
26 27 510
26 27 511
27 28 510
27 28 511
28 29 510
28 29 511
29 30 510
29 30 511
30 31 510
30 31 511
31 32 510
31 32 511
32 33 510
32 33 511
33 34 510
33 34 511
34 35 510
34 35 511
35 36 510
35 36 511
36 37 510
36 37 511
37 38 510
37 38 511
38 39 510
38 39 511
39 40 510
39 40 511
40 41 510
40 41 511
41 42 510
41 42 511
42 43 510
42 43 511
43 44 510
43 44 511
44 45 510
44 45 511
45 46 510
45 46 511
46 47 510
46 47 511
47 48 510
47 48 511
48 49 510
48 49 511
49 50 510
49 50 511
50 51 510
50 51 511
51 52 510
51 52 511
52 53 510
52 53 511
53 54 510
53 54 511
54 55 510
54 55 511
55 56 510
55 56 511
56 57 510
56 57 511
57 58 510
57 58 511
58 59 510
58 59 511
59 60 510
59 60 511
60 61 510
60 61 511
61 62 510
61 62 511
62 63 510
62 63 511
63 64 510
63 64 511
64 65 510
64 65 511
65 66 510
65 66 511
66 67 510
66 67 511
67 68 510
67 68 511
68 69 510
68 69 511
69 70 510
69 70 511
70 71 510
70 71 511
71 72 510
71 72 511
72 73 510
72 73 511
73 74 510
73 74 511
74 75 510
74 75 511
75 76 510
75 76 511
76 77 510
76 77 511
77 78 510
77 78 511
78 79 510
78 79 511
79 80 510
79 80 511
80 81 510
80 81 511
81 82 510
81 82 511
82 83 510
82 83 511
83 84 510
83 84 511
84 85 510
84 85 511
85 86 510
85 86 511
86 87 510
86 87 511
87 88 510
87 88 511
88 89 510
88 89 511
89 90 510
89 90 511
90 91 510
90 91 511
91 92 510
91 92 511
92 93 510
92 93 511
93 94 510
93 94 511
94 95 510
94 95 511
95 96 510
95 96 511
96 97 510
96 97 511
97 98 510
97 98 511
98 99 510
98 99 511
99 100 510
99 100 511
100 101 510
100 101 511
101 102 510
101 102 511
102 103 510
102 103 511
103 104 510
103 104 511
104 105 510
104 105 511
105 106 510
105 106 511
106 107 510
106 107 511
107 108 510
107 108 511
108 109 510
108 109 511
109 110 510
109 110 511
110 111 510
110 111 511
111 112 510
111 112 511
112 113 510
112 113 511
113 114 510
113 114 511
114 115 510
114 115 511
115 116 510
115 116 511
116 117 510
116 117 511
117 118 510
117 118 511
118 119 510
118 119 511
119 120 510
119 120 511
120 121 510
120 121 511
121 122 510
121 122 511
122 123 510
122 123 511
123 124 510
123 124 511
124 125 510
124 125 511
125 126 510
125 126 511
126 127 510
126 127 511
127 128 510
127 128 511
128 129 510
128 129 511
129 130 510
129 130 511
130 131 510
130 131 511
131 132 510
131 132 511
132 133 510
132 133 511
133 134 510
133 134 511
134 135 510
134 135 511
135 136 510
135 136 511
136 137 510
136 137 511
137 138 510
137 138 511
138 139 510
138 139 511
139 140 510
139 140 511
140 141 510
140 141 511
141 142 510
141 142 511
142 143 510
142 143 511
143 144 510
143 144 511
144 145 510
144 145 511
145 146 510
145 146 511
146 147 510
146 147 511
147 148 510
147 148 511
148 149 510
148 149 511
149 150 510
149 150 511
150 151 510
150 151 511
151 152 510
151 152 511
152 153 510
152 153 511
153 154 510
153 154 511
154 155 510
154 155 511
155 156 510
155 156 511
156 157 510
156 157 511
157 158 510
157 158 511
158 159 510
158 159 511
159 160 510
159 160 511
160 161 510
160 161 511
161 162 510
161 162 511
162 163 510
162 163 511
163 164 510
163 164 511
164 165 510
164 165 511
165 166 510
165 166 511
166 167 510
166 167 511
167 168 510
167 168 511
168 169 510
168 169 511
169 170 510
169 170 511
170 171 510
170 171 511
171 172 510
171 172 511
172 173 510
172 173 511
173 174 510
173 174 511
174 175 510
174 175 511
175 176 510
175 176 511
176 177 510
176 177 511
177 178 510
177 178 511
178 179 510
178 179 511
179 180 510
179 180 511
180 181 510
180 181 511
181 182 510
181 182 511
182 183 510
182 183 511
183 184 510
183 184 511
184 185 510
184 185 511
185 186 510
185 186 511
186 187 510
186 187 511
187 188 510
187 188 511
188 189 510
188 189 511
189 190 510
189 190 511
190 191 510
190 191 511
191 192 510
191 192 511
192 193 510
192 193 511
193 194 510
193 194 511
194 195 510
194 195 511
195 196 510
195 196 511
196 197 510
196 197 511
197 198 510
197 198 511
198 199 510
198 199 511
199 200 510
199 200 511
200 201 510
200 201 511
201 202 510
201 202 511
202 203 510
202 203 511
203 204 510
203 204 511
204 205 510
204 205 511
205 206 510
205 206 511
206 207 510
206 207 511
207 208 510
207 208 511
208 209 510
208 209 511
209 210 510
209 210 511
210 211 510
210 211 511
211 212 510
211 212 511
212 213 510
212 213 511
213 214 510
213 214 511
214 215 510
214 215 511
215 216 510
215 216 511
216 217 510
216 217 511
217 218 510
217 218 511
218 219 510
218 219 511
219 220 510
219 220 511
220 221 510
220 221 511
221 222 510
221 222 511
222 223 510
222 223 511
223 224 510
223 224 511
224 225 510
224 225 511
225 226 510
225 226 511
226 227 510
226 227 511
227 228 510
227 228 511
228 229 510
228 229 511
229 230 510
229 230 511
230 231 510
230 231 511
231 232 510
231 232 511
232 233 510
232 233 511
233 234 510
233 234 511
234 235 510
234 235 511
235 236 510
235 236 511
236 237 510
236 237 511
237 238 510
237 238 511
238 239 510
238 239 511
239 240 510
239 240 511
240 241 510
240 241 511
241 242 510
241 242 511
242 243 510
242 243 511
243 244 510
243 244 511
244 245 510
244 245 511
245 246 510
245 246 511
246 247 510
246 247 511
247 248 510
247 248 511
248 249 510
248 249 511
249 250 510
249 250 511
250 251 510
250 251 511
251 252 510
251 252 511
252 253 510
252 253 511
253 254 510
253 254 511
254 255 510
254 255 511
255 256 510
255 256 511
256 257 510
256 257 511
257 258 510
257 258 511
258 259 510
258 259 511
259 260 510
259 260 511
260 261 510
260 261 511
261 262 510
261 262 511
262 263 510
262 263 511
263 264 510
263 264 511
264 265 510
264 265 511
265 266 510
265 266 511
266 267 510
266 267 511
267 268 510
267 268 511
268 269 510
268 269 511
269 270 510
269 270 511
270 271 510
270 271 511
271 272 510
271 272 511
272 273 510
272 273 511
273 274 510
273 274 511
274 275 510
274 275 511
275 276 510
275 276 511
276 277 510
276 277 511
277 278 510
277 278 511
278 279 510
278 279 511
279 280 510
279 280 511
280 281 510
280 281 511
281 282 510
281 282 511
282 283 510
282 283 511
283 284 510
283 284 511
284 285 510
284 285 511
285 286 510
285 286 511
286 287 510
286 287 511
287 288 510
287 288 511
288 289 510
288 289 511
289 290 510
289 290 511
290 291 510
290 291 511
291 292 510
291 292 511
292 293 510
292 293 511
293 294 510
293 294 511
294 295 510
294 295 511
295 296 510
295 296 511
296 297 510
296 297 511
297 298 510
297 298 511
298 299 510
298 299 511
299 300 510
299 300 511
300 301 510
300 301 511
301 302 510
301 302 511
302 303 510
302 303 511
303 304 510
303 304 511
304 305 510
304 305 511
305 306 510
305 306 511
306 307 510
306 307 511
307 308 510
307 308 511
308 309 510
308 309 511
309 310 510
309 310 511
310 311 510
310 311 511
311 312 510
311 312 511
312 313 510
312 313 511
313 314 510
313 314 511
314 315 510
314 315 511
315 316 510
315 316 511
316 317 510
316 317 511
317 318 510
317 318 511
318 319 510
318 319 511
319 320 510
319 320 511
320 321 510
320 321 511
321 322 510
321 322 511
322 323 510
322 323 511
323 324 510
323 324 511
324 325 510
324 325 511
325 326 510
325 326 511
326 327 510
326 327 511
327 328 510
327 328 511
328 329 510
328 329 511
329 330 510
329 330 511
330 331 510
330 331 511
331 332 510
331 332 511
332 333 510
332 333 511
333 334 510
333 334 511
334 335 510
334 335 511
335 336 510
335 336 511
336 337 510
336 337 511
337 338 510
337 338 511
338 339 510
338 339 511
339 340 510
339 340 511
340 341 510
340 341 511
341 342 510
341 342 511
342 343 510
342 343 511
343 344 510
343 344 511
344 345 510
344 345 511
345 346 510
345 346 511
346 347 510
346 347 511
347 348 510
347 348 511
348 349 510
348 349 511
349 350 510
349 350 511
350 351 510
350 351 511
351 352 510
351 352 511
352 353 510
352 353 511
353 354 510
353 354 511
354 355 510
354 355 511
355 356 510
355 356 511
356 357 510
356 357 511
357 358 510
357 358 511
358 359 510
358 359 511
359 360 510
359 360 511
360 361 510
360 361 511
361 362 510
361 362 511
362 363 510
362 363 511
363 364 510
363 364 511
364 365 510
364 365 511
365 366 510
365 366 511
366 367 510
366 367 511
367 368 510
367 368 511
368 369 510
368 369 511
369 370 510
369 370 511
370 371 510
370 371 511
371 372 510
371 372 511
372 373 510
372 373 511
373 374 510
373 374 511
374 375 510
374 375 511
375 376 510
375 376 511
376 377 510
376 377 511
377 378 510
377 378 511
378 379 510
378 379 511
379 380 510
379 380 511
380 381 510
380 381 511
381 382 510
381 382 511
382 383 510
382 383 511
383 384 510
383 384 511
384 385 510
384 385 511
385 386 510
385 386 511
386 387 510
386 387 511
387 388 510
387 388 511
388 389 510
388 389 511
389 390 510
389 390 511
390 391 510
390 391 511
391 392 510
391 392 511
392 393 510
392 393 511
393 394 510
393 394 511
394 395 510
394 395 511
395 396 510
395 396 511
396 397 510
396 397 511
397 398 510
397 398 511
398 399 510
398 399 511
399 400 510
399 400 511
400 401 510
400 401 511
401 402 510
401 402 511
402 403 510
402 403 511
403 404 510
403 404 511
404 405 510
404 405 511
405 406 510
405 406 511
406 407 510
406 407 511
407 408 510
407 408 511
408 409 510
408 409 511
409 410 510
409 410 511
410 411 510
410 411 511
411 412 510
411 412 511
412 413 510
412 413 511
413 414 510
413 414 511
414 415 510
414 415 511
415 416 510
415 416 511
416 417 510
416 417 511
417 418 510
417 418 511
418 419 510
418 419 511
419 420 510
419 420 511
420 421 510
420 421 511
421 422 510
421 422 511
422 423 510
422 423 511
423 424 510
423 424 511
424 425 510
424 425 511
425 426 510
425 426 511
426 427 510
426 427 511
427 428 510
427 428 511
428 429 510
428 429 511
429 430 510
429 430 511
430 431 510
430 431 511
431 432 510
431 432 511
432 433 510
432 433 511
433 434 510
433 434 511
434 435 510
434 435 511
435 436 510
435 436 511
436 437 510
436 437 511
437 438 510
437 438 511
438 439 510
438 439 511
439 440 510
439 440 511
440 441 510
440 441 511
441 442 510
441 442 511
442 443 510
442 443 511
443 444 510
443 444 511
444 445 510
444 445 511
445 446 510
445 446 511
446 447 510
446 447 511
447 448 510
447 448 511
448 449 510
448 449 511
449 450 510
449 450 511
450 451 510
450 451 511
451 452 510
451 452 511
452 453 510
452 453 511
453 454 510
453 454 511
454 455 510
454 455 511
455 456 510
455 456 511
456 457 510
456 457 511
457 458 510
457 458 511
458 459 510
458 459 511
459 460 510
459 460 511
460 461 510
460 461 511
461 462 510
461 462 511
462 463 510
462 463 511
463 464 510
463 464 511
464 465 510
464 465 511
465 466 510
465 466 511
466 467 510
466 467 511
467 468 510
467 468 511
468 469 510
468 469 511
469 470 510
469 470 511
470 471 510
470 471 511
471 472 510
471 472 511
472 473 510
472 473 511
473 474 510
473 474 511
474 475 510
474 475 511
475 476 510
475 476 511
476 477 510
476 477 511
477 478 510
477 478 511
478 479 510
478 479 511
479 480 510
479 480 511
480 481 510
480 481 511
481 482 510
481 482 511
482 483 510
482 483 511
483 484 510
483 484 511
484 485 510
484 485 511
485 486 510
485 486 511
486 487 510
486 487 511
487 488 510
487 488 511
488 489 510
488 489 511
489 490 510
489 490 511
490 491 510
490 491 511
491 492 510
491 492 511
492 493 510
492 493 511
493 494 510
493 494 511
494 495 510
494 495 511
495 496 510
495 496 511
496 497 510
496 497 511
497 498 510
497 498 511
498 499 510
498 499 511
499 500 510
499 500 511
500 501 510
500 501 511
501 502 510
501 502 511
502 503 510
502 503 511
503 504 510
503 504 511
504 505 510
504 505 511
505 506 510
505 506 511
506 507 510
506 507 511
507 508 510
507 508 511
508 509 510
508 509 511
509 0 510
509 0 511
