0 0 0
12
1 0 0
0.8090169943749475 0.5877852522924731 0
0.30901699437494745 0.9510565162951535 0
-0.30901699437494734 0.9510565162951536 0
-0.8090169943749473 0.5877852522924732 0
-1.0 1.2246467991473532e-16 0
-0.8090169943749475 -0.587785252292473 0
-0.30901699437494756 -0.9510565162951535 0
0.30901699437494723 -0.9510565162951536 0
0.8090169943749473 -0.5877852522924734 0
0.0 0.0 1
0.0 0.0 -1
20
0 1 10
0 1 11
1 2 10
1 2 11
2 3 10
2 3 11
3 4 10
3 4 11
4 5 10
4 5 11
5 6 10
5 6 11
6 7 10
6 7 11
7 8 10
7 8 11
8 9 10
8 9 11
9 0 10
9 0 11
