0 0 0
212
1 0 0
0.9995524322835033 0.029915466169398455 0
0.9982101297677352 0.05980415394503417 0
0.9959742939952391 0.0896393089034335 0
0.9928469263418374 0.11939422454024434 0
0.9888308262251285 0.14904226617617444 0
0.9839295885986297 0.17855689479863665 0
0.9781476007338057 0.20791169081775931 0
0.9714900382928674 0.23708037771549748 0
0.9639628606958532 0.2660368455666751 0
0.9555728057861408 0.2947551744109042 0
0.9463273837991641 0.32320965745446 0
0.9362348706397372 0.35137482408134274 0
0.9253043004739967 0.37922546265292845 0
0.9135454576426009 0.40673664307580026 0
0.900968867902419 0.43388373911755823 0
0.887585789004554 0.4606424504506324 0
0.8734082006171296 0.48698882440436736 0
0.8584487936018661 0.5128992774059062 0
0.8427209586540391 0.5383506160906824 0
0.8262387743159949 0.5633200580636221 0
0.8090169943749475 0.5877852522924731 0
0.7910710346563413 0.6117242991150063 0
0.7724169592245996 0.6351157698421787 0
0.753071466003611 0.6579387259397125 0
0.7330518718298265 0.6801727377709192 0
0.712376096951345 0.7017979028839912 0
0.6910626489868649 0.7227948638273913 0
0.6691306063588585 0.743144825477394 0
0.6465996012158 0.7628295718622663 0
0.6234898018587338 0.7818314824680296 0
0.599821894687914 0.8001335480112061 0
0.575617065685674 0.817719385664431 0
0.550896981452103 0.8345732537213024 0
0.525683769810505 0.8506800656873393 0
0.5000000000000003 0.8660254037844385 0
0.4738686624729989 0.8805955318567379 0
0.4473131483156328 0.8943774076663368 0
0.4203572283095656 0.9073586945678648 0
0.39302503165392366 0.9195277725514506 0
0.365341024366395 0.9308737486442042 0
0.3373299873828299 0.9413864666609032 0
0.3090169943749473 0.9510565162951536 0
0.28042738930600253 0.9598752415428891 0
0.25158676374450817 0.9678347484506665 0
0.22252093395631403 0.9749279121818237 0
0.19325591779555282 0.9811483833941728 0
0.16381791141513716 0.9864905939235216 0
0.13423326581765488 0.9909497617679348 0
0.10452846326765279 0.9945218953682734 0
0.0747300935864235 0.9972037971811802 0
0.0448648303505141 0.9989930665413147 0
0.014959407015262717 0.9998881018102734 0
-0.014959407015264593 0.9998881018102734 0
-0.04486483035051597 0.9989930665413146 0
-0.07473009358642538 0.99720379718118 0
-0.10452846326765466 0.9945218953682732 0
-0.13423326581765674 0.9909497617679346 0
-0.16381791141513902 0.9864905939235212 0
-0.19325591779555465 0.9811483833941723 0
-0.22252093395631586 0.9749279121818233 0
-0.25158676374451 0.9678347484506661 0
-0.2804273893060043 0.9598752415428886 0
-0.30901699437494906 0.9510565162951531 0
-0.33732998738283165 0.9413864666609025 0
-0.36534102436639676 0.9308737486442036 0
-0.3930250316539254 0.9195277725514499 0
-0.4203572283095673 0.907358694567864 0
-0.4473131483156343 0.894377407666336 0
-0.4738686624730002 0.8805955318567372 0
-0.5000000000000013 0.8660254037844379 0
-0.5256837698105059 0.8506800656873388 0
-0.5508969814521035 0.834573253721302 0
-0.5756170656856744 0.8177193856644307 0
-0.5998218946879145 0.8001335480112057 0
-0.6234898018587341 0.7818314824680292 0
-0.6465996012158002 0.7628295718622661 0
-0.6691306063588586 0.7431448254773939 0
-0.691062648986865 0.7227948638273913 0
-0.712376096951345 0.7017979028839912 0
-0.7330518718298263 0.6801727377709194 0
-0.7530714660036109 0.6579387259397127 0
-0.7724169592245993 0.635115769842179 0
-0.791071034656341 0.6117242991150067 0
-0.8090169943749471 0.5877852522924736 0
-0.8262387743159945 0.5633200580636226 0
-0.8427209586540387 0.538350616090683 0
-0.8584487936018657 0.512899277405907 0
-0.8734082006171292 0.48698882440436825 0
-0.8875857890045534 0.46064245045063346 0
-0.9009688679024185 0.4338837391175594 0
-0.9135454576426003 0.40673664307580165 0
-0.925304300473996 0.37922546265293 0
-0.9362348706397365 0.35137482408134446 0
-0.9463273837991636 0.32320965745446195 0
-0.9555728057861401 0.2947551744109063 0
-0.9639628606958527 0.26603684556667734 0
-0.9714900382928668 0.23708037771549992 0
-0.9781476007338051 0.20791169081776192 0
-0.9839295885986291 0.17855689479863937 0
-0.9888308262251281 0.14904226617617736 0
-0.9928469263418369 0.1193942245402474 0
-0.9959742939952387 0.08963930890343672 0
-0.9982101297677349 0.05980415394503754 0
-0.9995524322835032 0.02991546616940198 0
-1.0 3.675178358715236e-15 0
-0.9995524322835034 -0.029915466169394632 0
-0.9982101297677354 -0.059804153945030206 0
-0.9959742939952394 -0.08963930890342939 0
-0.9928469263418378 -0.1193942245402401 0
-0.9888308262251292 -0.14904226617617009 0
-0.9839295885986304 -0.17855689479863215 0
-0.9781476007338066 -0.2079116908177547 0
-0.9714900382928686 -0.23708037771549278 0
-0.9639628606958546 -0.2660368455666703 0
-0.9555728057861422 -0.29475517441089927 0
-0.9463273837991659 -0.32320965745445496 0
-0.9362348706397391 -0.3513748240813376 0
-0.9253043004739988 -0.37922546265292323 0
-0.9135454576426032 -0.40673664307579493 0
-0.9009688679024217 -0.4338837391175528 0
-0.8875857890045569 -0.4606424504506269 0
-0.8734082006171328 -0.48698882440436186 0
-0.8584487936018694 -0.5128992774059007 0
-0.8427209586540426 -0.5383506160906769 0
-0.8262387743159986 -0.5633200580636165 0
-0.8090169943749514 -0.5877852522924676 0
-0.7910710346563455 -0.6117242991150008 0
-0.7724169592246041 -0.6351157698421732 0
-0.7530714660036157 -0.6579387259397071 0
-0.7330518718298313 -0.6801727377709139 0
-0.7123760969513501 -0.701797902883986 0
-0.6910626489868703 -0.7227948638273862 0
-0.669130606358864 -0.7431448254773889 0
-0.6465996012158054 -0.7628295718622616 0
-0.6234898018587393 -0.7818314824680253 0
-0.5998218946879192 -0.8001335480112022 0
-0.5756170656856789 -0.8177193856644275 0
-0.5508969814521079 -0.8345732537212991 0
-0.5256837698105099 -0.8506800656873363 0
-0.500000000000005 -0.8660254037844357 0
-0.4738686624730035 -0.8805955318567354 0
-0.4473131483156373 -0.8943774076663344 0
-0.42035722830956995 -0.9073586945678628 0
-0.3930250316539279 -0.9195277725514488 0
-0.36534102436639904 -0.9308737486442027 0
-0.33732998738283376 -0.9413864666609019 0
-0.30901699437495095 -0.9510565162951524 0
-0.280427389306006 -0.9598752415428881 0
-0.2515867637445115 -0.9678347484506657 0
-0.22252093395631717 -0.974927912181823 0
-0.19325591779555576 -0.9811483833941721 0
-0.1638179114151399 -0.9864905939235211 0
-0.1342332658176574 -0.9909497617679345 0
-0.10452846326765512 -0.9945218953682732 0
-0.07473009358642561 -0.99720379718118 0
-0.04486483035051599 -0.9989930665413146 0
-0.014959407015264393 -0.9998881018102734 0
0.014959407015263139 -0.9998881018102734 0
0.044864830350514744 -0.9989930665413147 0
0.07473009358642436 -0.9972037971811801 0
0.10452846326765387 -0.9945218953682733 0
0.13423326581765616 -0.9909497617679347 0
0.16381791141513868 -0.9864905939235213 0
0.19325591779555454 -0.9811483833941724 0
0.22252093395631595 -0.9749279121818233 0
0.25158676374451033 -0.967834748450666 0
0.28042738930600486 -0.9598752415428884 0
0.3090169943749498 -0.9510565162951529 0
0.3373299873828326 -0.9413864666609022 0
0.36534102436639787 -0.9308737486442031 0
0.3930250316539267 -0.9195277725514494 0
0.4203572283095688 -0.9073586945678633 0
0.4473131483156362 -0.894377407666335 0
0.4738686624730024 -0.880595531856736 0
0.5000000000000039 -0.8660254037844364 0
0.5256837698105088 -0.850680065687337 0
0.5508969814521067 -0.8345732537212999 0
0.5756170656856779 -0.8177193856644283 0
0.5998218946879182 -0.8001335480112028 0
0.6234898018587383 -0.781831482468026 0
0.6465996012158045 -0.7628295718622624 0
0.6691306063588631 -0.7431448254773898 0
0.6910626489868696 -0.7227948638273868 0
0.7123760969513498 -0.7017979028839862 0
0.7330518718298314 -0.6801727377709139 0
0.753071466003616 -0.6579387259397067 0
0.7724169592246046 -0.6351157698421726 0
0.7910710346563463 -0.6117242991149997 0
0.8090169943749526 -0.5877852522924661 0
0.8262387743159999 -0.5633200580636146 0
0.8427209586540442 -0.5383506160906746 0
0.858448793601871 -0.5128992774058979 0
0.8734082006171345 -0.48698882440435864 0
0.8875857890045588 -0.4606424504506233 0
0.9009688679024237 -0.43388373911754874 0
0.9135454576426053 -0.4067366430757904 0
0.9253043004740009 -0.37922546265291823 0
0.9362348706397412 -0.35137482408133214 0
0.9463273837991679 -0.323209657454449 0
0.9555728057861442 -0.29475517441089283 0
0.9639628606958566 -0.26603684556666335 0
0.9714900382928704 -0.23708037771548537 0
0.9781476007338084 -0.20791169081774682 0
0.983929588598632 -0.17855689479862377 0
0.9888308262251305 -0.14904226617616123 0
0.9928469263418389 -0.11939422454023076 0
0.9959742939952403 -0.08963930890341959 0
0.998210129767736 -0.05980415394501993 0
0.9995524322835038 -0.0299154661693839 0
0.0 0.0 1
0.0 0.0 -1
420
0 1 210
0 1 211
1 2 210
1 2 211
2 3 210
2 3 211
3 4 210
3 4 211
4 5 210
4 5 211
5 6 210
5 6 211
6 7 210
6 7 211
7 8 210
7 8 211
8 9 210
8 9 211
9 10 210
9 10 211
10 11 210
10 11 211
11 12 210
11 12 211
12 13 210
12 13 211
13 14 210
13 14 211
14 15 210
14 15 211
15 16 210
15 16 211
16 17 210
16 17 211
17 18 210
17 18 211
18 19 210
18 19 211
19 20 210
19 20 211
20 21 210
20 21 211
21 22 210
21 22 211
22 23 210
22 23 211
23 24 210
23 24 211
24 25 210
24 25 211
25 26 210
25 26 211
26 27 210
26 27 211
27 28 210
27 28 211
28 29 210
28 29 211
29 30 210
29 30 211
30 31 210
30 31 211
31 32 210
31 32 211
32 33 210
32 33 211
33 34 210
33 34 211
34 35 210
34 35 211
35 36 210
35 36 211
36 37 210
36 37 211
37 38 210
37 38 211
38 39 210
38 39 211
39 40 210
39 40 211
40 41 210
40 41 211
41 42 210
41 42 211
42 43 210
42 43 211
43 44 210
43 44 211
44 45 210
44 45 211
45 46 210
45 46 211
46 47 210
46 47 211
47 48 210
47 48 211
48 49 210
48 49 211
49 50 210
49 50 211
50 51 210
50 51 211
51 52 210
51 52 211
52 53 210
52 53 211
53 54 210
53 54 211
54 55 210
54 55 211
55 56 210
55 56 211
56 57 210
56 57 211
57 58 210
57 58 211
58 59 210
58 59 211
59 60 210
59 60 211
60 61 210
60 61 211
61 62 210
61 62 211
62 63 210
62 63 211
63 64 210
63 64 211
64 65 210
64 65 211
65 66 210
65 66 211
66 67 210
66 67 211
67 68 210
67 68 211
68 69 210
68 69 211
69 70 210
69 70 211
70 71 210
70 71 211
71 72 210
71 72 211
72 73 210
72 73 211
73 74 210
73 74 211
74 75 210
74 75 211
75 76 210
75 76 211
76 77 210
76 77 211
77 78 210
77 78 211
78 79 210
78 79 211
79 80 210
79 80 211
80 81 210
80 81 211
81 82 210
81 82 211
82 83 210
82 83 211
83 84 210
83 84 211
84 85 210
84 85 211
85 86 210
85 86 211
86 87 210
86 87 211
87 88 210
87 88 211
88 89 210
88 89 211
89 90 210
89 90 211
90 91 210
90 91 211
91 92 210
91 92 211
92 93 210
92 93 211
93 94 210
93 94 211
94 95 210
94 95 211
95 96 210
95 96 211
96 97 210
96 97 211
97 98 210
97 98 211
98 99 210
98 99 211
99 100 210
99 100 211
100 101 210
100 101 211
101 102 210
101 102 211
102 103 210
102 103 211
103 104 210
103 104 211
104 105 210
104 105 211
105 106 210
105 106 211
106 107 210
106 107 211
107 108 210
107 108 211
108 109 210
108 109 211
109 110 210
109 110 211
110 111 210
110 111 211
111 112 210
111 112 211
112 113 210
112 113 211
113 114 210
113 114 211
114 115 210
114 115 211
115 116 210
115 116 211
116 117 210
116 117 211
117 118 210
117 118 211
118 119 210
118 119 211
119 120 210
119 120 211
120 121 210
120 121 211
121 122 210
121 122 211
122 123 210
122 123 211
123 124 210
123 124 211
124 125 210
124 125 211
125 126 210
125 126 211
126 127 210
126 127 211
127 128 210
127 128 211
128 129 210
128 129 211
129 130 210
129 130 211
130 131 210
130 131 211
131 132 210
131 132 211
132 133 210
132 133 211
133 134 210
133 134 211
134 135 210
134 135 211
135 136 210
135 136 211
136 137 210
136 137 211
137 138 210
137 138 211
138 139 210
138 139 211
139 140 210
139 140 211
140 141 210
140 141 211
141 142 210
141 142 211
142 143 210
142 143 211
143 144 210
143 144 211
144 145 210
144 145 211
145 146 210
145 146 211
146 147 210
146 147 211
147 148 210
147 148 211
148 149 210
148 149 211
149 150 210
149 150 211
150 151 210
150 151 211
151 152 210
151 152 211
152 153 210
152 153 211
153 154 210
153 154 211
154 155 210
154 155 211
155 156 210
155 156 211
156 157 210
156 157 211
157 158 210
157 158 211
158 159 210
158 159 211
159 160 210
159 160 211
160 161 210
160 161 211
161 162 210
161 162 211
162 163 210
162 163 211
163 164 210
163 164 211
164 165 210
164 165 211
165 166 210
165 166 211
166 167 210
166 167 211
167 168 210
167 168 211
168 169 210
168 169 211
169 170 210
169 170 211
170 171 210
170 171 211
171 172 210
171 172 211
172 173 210
172 173 211
173 174 210
173 174 211
174 175 210
174 175 211
175 176 210
175 176 211
176 177 210
176 177 211
177 178 210
177 178 211
178 179 210
178 179 211
179 180 210
179 180 211
180 181 210
180 181 211
181 182 210
181 182 211
182 183 210
182 183 211
183 184 210
183 184 211
184 185 210
184 185 211
185 186 210
185 186 211
186 187 210
186 187 211
187 188 210
187 188 211
188 189 210
188 189 211
189 190 210
189 190 211
190 191 210
190 191 211
191 192 210
191 192 211
192 193 210
192 193 211
193 194 210
193 194 211
194 195 210
194 195 211
195 196 210
195 196 211
196 197 210
196 197 211
197 198 210
197 198 211
198 199 210
198 199 211
199 200 210
199 200 211
200 201 210
200 201 211
201 202 210
201 202 211
202 203 210
202 203 211
203 204 210
203 204 211
204 205 210
204 205 211
205 206 210
205 206 211
206 207 210
206 207 211
207 208 210
207 208 211
208 209 210
208 209 211
209 0 210
209 0 211
