0 0 0
137
1 0 0
0.9989171113385246 0.04652531219774665 0
0.9956707906498045 0.09294986092939221 0
0.9902680687415704 0.13917310096006544 0
0.9827206467064133 0.18509492304471462 0
0.9730448705798238 0.23061587074244017 0
0.9612616959383189 0.27563735581699916 0
0.9473966425143293 0.32006187175697154 0
0.9314797389261423 0.3637932049531515 0
0.9135454576426009 0.4067366430758002 0
0.8936326403234123 0.4487991802004622 0
0.8717844136967623 0.4898897182380871 0
0.848048096156426 0.529919264233205 0
0.8224750952806622 0.5688011231028519 0
0.7951207964948477 0.6064510853988135 0
0.7660444431189779 0.6427876096865395 0
0.7353090080598285 0.6777319991457325 0
0.7029810574256615 0.7112085720101373 0
0.669130606358858 0.7431448254773944 0
0.63383096739871 0.7734715927339642 0
0.597158591702786 0.802123192755044 0
0.5591929034707466 0.8290375725550418 0
0.5200161279292151 0.8541564415805258 0
0.47971311325024596 0.8774253979545821 0
0.43837114678907724 0.898794046299167 0
0.39607976603915673 0.9182161068802741 0
0.35293056471386886 0.9356495158395315 0
0.30901699437494745 0.9510565162951535 0
0.2644341620372023 0.9644037401149389 0
0.21927862418790353 0.9756622801842142 0
0.17364817766693064 0.984807753012208 0
0.12764164786059498 0.9918203515412617 0
0.08135867466785875 0.9966848880445061 0
0.034899496702501524 0.9993908270190958 0
-0.011635265801396377 0.9999323080037622 0
-0.05814482891047511 0.9983081582712683 0
-0.10452846326765267 0.9945218953682734 0
-0.15068571224948224 0.9885817194971118 0
-0.19651660953282918 0.9805004957559795 0
-0.2419218955996667 0.9702957262759967 0
-0.28680323271108915 0.9579895123154892 0
-0.3310634178849569 0.943608506393584 0
-0.37460659341591085 0.9271838545667879 0
-0.4173384544818166 0.9087511289735648 0
-0.45916645338701034 0.8883502507930048 0
-0.49999999999999867 0.8660254037844394 0
-0.5397506579515114 0.8418249385952583 0
-0.5783323361679851 0.8158012680441731 0
-0.6156614753256568 0.7880107536067231 0
-0.6516572288214537 0.7585135833488702 0
-0.6862416378687322 0.7273736415730501 0
-0.7193398003386497 0.6946583704589988 0
-0.7508800329814977 0.6604386239990093 0
-0.7807940266766579 0.6247885145439619 0
-0.8090169943749461 0.587785252292475 0
-0.8354878114129352 0.549508978070808 0
-0.8601491478953641 0.5100425897656774 0
-0.8829475928589258 0.469471562785893 0
-0.9038337699485194 0.4278837649416567 0
-0.9227624443554413 0.3853692661424508 0
-0.9396926207859074 0.3420201433256714 0
-0.9545876322477311 0.2979302810384848 0
-0.9674152194628631 0.25319516810480464 0
-0.978147600733805 0.20791169081776234 0
-0.9867615321125787 0.16217792310557055 0
-0.9932383577419426 0.11609291412523345 0
-0.997564050259824 0.06975647374412862 0
-0.9997292411794616 0.02326895637405973 0
-0.9997292411794617 -0.023268956374052827 0
-0.9975640502598245 -0.06975647374412174 0
-0.9932383577419435 -0.1160929141252266 0
-0.9867615321125798 -0.16217792310556375 0
-0.9781476007338065 -0.2079116908177556 0
-0.9674152194628649 -0.253195168104798 0
-0.9545876322477331 -0.2979302810384782 0
-0.9396926207859098 -0.3420201433256649 0
-0.922762444355444 -0.38536926614244443 0
-0.9038337699485224 -0.4278837649416504 0
-0.882947592858929 -0.469471562785887 0
-0.8601491478953677 -0.5100425897656714 0
-0.8354878114129389 -0.5495089780708022 0
-0.8090169943749501 -0.5877852522924694 0
-0.7807940266766622 -0.6247885145439566 0
-0.7508800329815024 -0.6604386239990042 0
-0.7193398003386545 -0.6946583704589938 0
-0.6862416378687372 -0.7273736415730453 0
-0.6516572288214587 -0.758513583348866 0
-0.6156614753256616 -0.7880107536067193 0
-0.5783323361679896 -0.8158012680441699 0
-0.5397506579515158 -0.8418249385952555 0
-0.5000000000000027 -0.866025403784437 0
-0.4591664533870141 -0.8883502507930028 0
-0.4173384544818201 -0.9087511289735632 0
-0.37460659341591396 -0.9271838545667866 0
-0.3310634178849597 -0.943608506393583 0
-0.28680323271109154 -0.9579895123154885 0
-0.24192189559966865 -0.9702957262759963 0
-0.1965166095328307 -0.9805004957559792 0
-0.15068571224948335 -0.9885817194971116 0
-0.10452846326765336 -0.9945218953682734 0
-0.05814482891047535 -0.9983081582712683 0
-0.011635265801396177 -0.9999323080037622 0
0.03489949670250217 -0.9993908270190957 0
0.08135867466785983 -0.996684888044506 0
0.1276416478605965 -0.9918203515412615 0
0.17364817766693258 -0.9848077530122077 0
0.2192786241879059 -0.9756622801842137 0
0.2644341620372051 -0.9644037401149381 0
0.3090169943749506 -0.9510565162951525 0
0.3529305647138724 -0.9356495158395302 0
0.39607976603916056 -0.9182161068802724 0
0.4383711467890814 -0.898794046299165 0
0.47971311325025046 -0.8774253979545796 0
0.5200161279292199 -0.854156441580523 0
0.5591929034707515 -0.8290375725550386 0
0.5971585917027908 -0.8021231927550403 0
0.6338309673987151 -0.77347159273396 0
0.6691306063588631 -0.7431448254773898 0
0.7029810574256666 -0.7112085720101323 0
0.7353090080598336 -0.6777319991457269 0
0.766044443118983 -0.6427876096865335 0
0.7951207964948527 -0.606451085398807 0
0.822475095280667 -0.5688011231028449 0
0.8480480961564306 -0.5299192642331976 0
0.8717844136967668 -0.48988971823807903 0
0.8936326403234165 -0.44879918020045373 0
0.9135454576426049 -0.4067366430757912 0
0.9314797389261461 -0.363793204953142 0
0.9473966425143326 -0.32006187175696155 0
0.9612616959383219 -0.27563735581698867 0
0.9730448705798265 -0.2306158707424292 0
0.9827206467064155 -0.18509492304470318 0
0.990268068741572 -0.13917310096005356 0
0.9956707906498056 -0.0929498609293799 0
0.9989171113385251 -0.046525312197733946 0
0.00013537941026914302 0.0 1
0.00013537941026914302 0.0 -1
270
0 1 135
0 1 136
1 2 135
1 2 136
2 3 135
2 3 136
3 4 135
3 4 136
4 5 135
4 5 136
5 6 135
5 6 136
6 7 135
6 7 136
7 8 135
7 8 136
8 9 135
8 9 136
9 10 135
9 10 136
10 11 135
10 11 136
11 12 135
11 12 136
12 13 135
12 13 136
13 14 135
13 14 136
14 15 135
14 15 136
15 16 135
15 16 136
16 17 135
16 17 136
17 18 135
17 18 136
18 19 135
18 19 136
19 20 135
19 20 136
20 21 135
20 21 136
21 22 135
21 22 136
22 23 135
22 23 136
23 24 135
23 24 136
24 25 135
24 25 136
25 26 135
25 26 136
26 27 135
26 27 136
27 28 135
27 28 136
28 29 135
28 29 136
29 30 135
29 30 136
30 31 135
30 31 136
31 32 135
31 32 136
32 33 135
32 33 136
33 34 135
33 34 136
34 35 135
34 35 136
35 36 135
35 36 136
36 37 135
36 37 136
37 38 135
37 38 136
38 39 135
38 39 136
39 40 135
39 40 136
40 41 135
40 41 136
41 42 135
41 42 136
42 43 135
42 43 136
43 44 135
43 44 136
44 45 135
44 45 136
45 46 135
45 46 136
46 47 135
46 47 136
47 48 135
47 48 136
48 49 135
48 49 136
49 50 135
49 50 136
50 51 135
50 51 136
51 52 135
51 52 136
52 53 135
52 53 136
53 54 135
53 54 136
54 55 135
54 55 136
55 56 135
55 56 136
56 57 135
56 57 136
57 58 135
57 58 136
58 59 135
58 59 136
59 60 135
59 60 136
60 61 135
60 61 136
61 62 135
61 62 136
62 63 135
62 63 136
63 64 135
63 64 136
64 65 135
64 65 136
65 66 135
65 66 136
66 67 135
66 67 136
67 68 135
67 68 136
68 69 135
68 69 136
69 70 135
69 70 136
70 71 135
70 71 136
71 72 135
71 72 136
72 73 135
72 73 136
73 74 135
73 74 136
74 75 135
74 75 136
75 76 135
75 76 136
76 77 135
76 77 136
77 78 135
77 78 136
78 79 135
78 79 136
79 80 135
79 80 136
80 81 135
80 81 136
81 82 135
81 82 136
82 83 135
82 83 136
83 84 135
83 84 136
84 85 135
84 85 136
85 86 135
85 86 136
86 87 135
86 87 136
87 88 135
87 88 136
88 89 135
88 89 136
89 90 135
89 90 136
90 91 135
90 91 136
91 92 135
91 92 136
92 93 135
92 93 136
93 94 135
93 94 136
94 95 135
94 95 136
95 96 135
95 96 136
96 97 135
96 97 136
97 98 135
97 98 136
98 99 135
98 99 136
99 100 135
99 100 136
100 101 135
100 101 136
101 102 135
101 102 136
102 103 135
102 103 136
103 104 135
103 104 136
104 105 135
104 105 136
105 106 135
105 106 136
106 107 135
106 107 136
107 108 135
107 108 136
108 109 135
108 109 136
109 110 135
109 110 136
110 111 135
110 111 136
111 112 135
111 112 136
112 113 135
112 113 136
113 114 135
113 114 136
114 115 135
114 115 136
115 116 135
115 116 136
116 117 135
116 117 136
117 118 135
117 118 136
118 119 135
118 119 136
119 120 135
119 120 136
120 121 135
120 121 136
121 122 135
121 122 136
122 123 135
122 123 136
123 124 135
123 124 136
124 125 135
124 125 136
125 126 135
125 126 136
126 127 135
126 127 136
127 128 135
127 128 136
128 129 135
128 129 136
129 130 135
129 130 136
130 131 135
130 131 136
131 132 135
131 132 136
132 133 135
132 133 136
133 134 135
133 134 136
134 0 135
134 0 136
