0 0 0
162
0. 0. -1.
0. 0. 1.
-0.8944271909999157 0. -0.447213595499958
0.8944271909999166 0. 0.447213595499958
0.72360679774998 -0.5257311121191339 -0.4472135954999579
0.72360679774998 0.5257311121191339 -0.4472135954999579
-0.7236067977499792 -0.525731112119133 0.4472135954999579
-0.7236067977499792 0.5257311121191339 0.4472135954999579
-0.27639320225002084 -0.8506508083520394 -0.44721359549995804
-0.27639320225002084 0.8506508083520394 -0.44721359549995804
0.27639320225002173 -0.8506508083520394 0.44721359549995804
0.27639320225002173 0.8506508083520394 0.44721359549995804
0. 1. -9.594519965896414e-18
-0.5877852522924734 0.8090169943749466 -9.594519965896414e-18
-0.26286555605956696 0.8090169943749466 0.5257311121191338
-0.5877852522924734 -0.8090169943749475 -9.594519965896414e-18
0. -1. -9.594519965896414e-18
-0.26286555605956696 -0.8090169943749475 0.5257311121191338
0.5877852522924734 0.8090169943749466 -9.594519965896414e-18
0.2628655560595661 0.8090169943749466 -0.5257311121191338
-0.8506508083520403 0. 0.5257311121191336
-0.9510565162951536 0.30901699437494656 -9.594519965896414e-18
-0.9510565162951536 -0.30901699437494745 -9.594519965896414e-18
0.6881909602355876 -0.5 0.5257311121191337
0.5877852522924734 -0.8090169943749475 -9.594519965896414e-18
0.9510565162951536 -0.30901699437494745 -9.594519965896414e-18
-0.4253254041760197 -0.30901699437494745 0.8506508083520399
-0.4253254041760197 0.30901699437494656 0.85065080835204
0.4253254041760197 0.30901699437494656 -0.85065080835204
-0.16245984811645364 0.5 -0.85065080835204
-0.6881909602355867 0.5 -0.5257311121191337
-0.5257311121191339 0. -0.85065080835204
-0.16245984811645364 -0.5 -0.85065080835204
-0.6881909602355867 -0.5 -0.5257311121191337
0.6881909602355876 0.5 0.5257311121191337
0.9510565162951536 0.30901699437494656 -9.594519965896414e-18
0.2628655560595661 -0.8090169943749475 -0.5257311121191338
0.4253254041760197 -0.30901699437494745 -0.85065080835204
0.8506508083520394 0. -0.5257311121191336
0.16245984811645364 -0.5 0.85065080835204
0.5257311121191339 0. 0.8506508083520399
0.16245984811645364 0.5 0.85065080835204
0.15378767396451565 0.9562589342222001 0.24883368352537394
-0.43765805714604067 0.8640238555493411 -0.24883368352537388
-0.5295720522084499 0.6832356020679295 0.5027350729624948
-0.6864917406714142 -0.6832356020679295 0.24883368352537386
-0.15378767396451565 -0.9562589342222001 -0.24883368352537394
0.02683697924595485 -0.8640238555493402 0.5027350729624948
0.43765805714604156 0.8640238555493411 0.24883368352537388
0.5295720522084508 0.6832356020679295 -0.5027350729624948
-0.813442435389975 -0.2925215388996545 0.5027350729624945
-0.8619332858770532 0.44176103114736165 0.24883368352537377
-0.956979295437911 -0.14923949224770716 -0.24883368352537386
0.8300286007193503 -0.241474570920567 0.5027350729624946
0.43765805714604156 -0.8640238555493402 0.24883368352537394
0.8619332858770523 -0.44176103114736165 -0.24883368352537377
-0.6080318964399325 -0.44176103114736165 0.6596547614254589
-0.20541053895004246 0.14923949224770716 0.9672301093544904
0.6080318964399325 0.44176103114736165 -0.6596547614254589
-0.07845984423148256 0.2414745709205679 -0.9672301093544904
-0.4861489076331189 0.7147843633016322 -0.5027350729624948
-0.2539013894371207 0. -0.9672301093544904
-0.07845984423148256 -0.241474570920567 -0.9672301093544904
-0.4861489076331189 -0.7147843633016322 -0.5027350729624948
0.4861489076331189 0.7147843633016322 0.5027350729624948
0.956979295437911 0.14923949224770716 0.24883368352537377
-0.02683697924595574 -0.8640238555493402 -0.5027350729624948
0.20541053895004246 -0.14923949224770716 -0.9672301093544904
0.813442435389975 0.2925215388996545 -0.5027350729624945
0.23224751819599732 -0.7147843633016322 0.6596547614254591
0.7515687564878686 0. 0.6596547614254588
0.23224751819599732 0.7147843633016322 0.659654761425459
-0.15378767396451565 0.9562589342222001 -0.24883368352537394
-0.6864917406714142 0.6832356020679295 0.24883368352537386
0.02683697924595485 0.8640238555493411 0.5027350729624948
-0.43765805714604067 -0.8640238555493402 -0.24883368352537388
0.15378767396451565 -0.9562589342222001 0.24883368352537394
-0.5295720522084499 -0.6832356020679295 0.5027350729624948
0.6864917406714142 0.6832356020679295 -0.24883368352537386
-0.02683697924595574 0.8640238555493411 -0.5027350729624948
-0.813442435389975 0.2925215388996545 0.5027350729624945
-0.956979295437911 0.14923949224770716 -0.24883368352537386
-0.8619332858770532 -0.44176103114736165 0.24883368352537377
0.4861489076331189 -0.7147843633016322 0.5027350729624948
0.6864917406714142 -0.6832356020679295 -0.24883368352537386
0.956979295437911 -0.14923949224770716 0.24883368352537377
-0.20541053895004246 -0.14923949224770716 0.9672301093544904
-0.6080318964399325 0.44176103114736165 0.6596547614254589
0.20541053895004246 0.14923949224770716 -0.9672301093544904
-0.2322475181959982 0.7147843633016322 -0.6596547614254591
-0.8300286007193503 0.2414745709205679 -0.5027350729624946
-0.7515687564878686 0. -0.6596547614254588
-0.2322475181959982 -0.7147843633016322 -0.659654761425459
-0.8300286007193503 -0.241474570920567 -0.5027350729624946
0.8300286007193503 0.2414745709205679 0.5027350729624946
0.8619332858770523 0.44176103114736165 -0.24883368352537377
0.5295720522084508 -0.6832356020679295 -0.5027350729624948
0.6080318964399325 -0.44176103114736165 -0.6596547614254589
0.813442435389975 -0.2925215388996545 -0.5027350729624945
0.07845984423148167 -0.241474570920567 0.9672301093544904
0.2539013894371216 0. 0.9672301093544904
0.07845984423148167 0.2414745709205679 0.9672301093544904
-0.30899935723714655 0.9510022347665021 0.010683945720089185
-0.43945709504449937 0.8562191401420876 0.27159942133479337
-0.14774472511641523 0.9510022347665021 0.27159942133479337
-0.30899935723714655 -0.9510022347665013 0.010683945720089185
-0.14774472511641523 -0.9510022347665013 0.27159942133479337
-0.43945709504449937 -0.8562191401420876 0.27159942133479337
0.30899935723714655 0.9510022347665021 -0.010683945720089206
0.43945709504449937 0.8562191401420876 -0.27159942133479337
0.14774472511641612 0.9510022347665021 -0.27159942133479337
-0.9501125032761628 0.1533622686611995 0.2715994213347932
-0.9999429250231486 0. 0.01068394572008918
-0.9501125032761628 -0.1533622686611995 0.2715994213347932
0.6785130819413698 -0.682534799087219 0.2715994213347933
0.8089708197487209 -0.5877517044628044 0.01068394572008918
0.8588012414957067 -0.43438943580160494 0.27159942133479326
-0.6678291362212798 -0.1533622686611995 0.7283435036883552
-0.4567440823535618 0. 0.8895981358090868
-0.6678291362212798 0.1533622686611995 0.7283435036883552
0.35222673739516 0.5877517044628053 -0.7283435036883554
0.14114168352744194 0.4343894358016058 -0.8895981358090869
0.06051436746707495 0.6825347990872181 -0.7283435036883555
-0.678513081941369 0.6825347990872181 -0.2715994213347933
-0.8588012414957076 0.4343894358016058 -0.27159942133479326
-0.8089708197487209 0.5877517044628053 -0.010683945720089202
-0.3695137247042224 0.2684674356792822 -0.8895981358090868
-0.6304292003189262 0.2684674356792822 -0.7283435036883554
-0.4501410407645885 0.5166127989648963 -0.7283435036883555
-0.4501410407645885 -0.5166127989648963 -0.7283435036883555
-0.6304292003189262 -0.2684674356792822 -0.7283435036883554
-0.3695137247042224 -0.2684674356792822 -0.8895981358090868
0.6785130819413698 0.6825347990872181 0.2715994213347933
0.8588012414957067 0.4343894358016058 0.27159942133479326
0.8089708197487209 0.5877517044628053 0.01068394572008918
-0.8089708197487209 -0.5877517044628044 -0.010683945720089202
-0.8588012414957076 -0.43438943580160494 -0.27159942133479326
-0.678513081941369 -0.682534799087219 -0.2715994213347933
0.14774472511641612 -0.9510022347665013 -0.27159942133479337
0.43945709504449937 -0.8562191401420876 -0.27159942133479337
0.30899935723714655 -0.9510022347665013 -0.010683945720089206
0.14114168352744194 -0.43438943580160494 -0.8895981358090869
0.35222673739516 -0.5877517044628044 -0.7283435036883554
0.06051436746707495 -0.682534799087219 -0.7283435036883555
0.6678291362212807 0.1533622686611995 -0.7283435036883552
0.6678291362212807 -0.1533622686611995 -0.7283435036883552
0.4567440823535627 0. -0.8895981358090868
0.9999429250231486 0. -0.0106839457200892
0.9501125032761628 -0.1533622686611995 -0.2715994213347932
0.9501125032761628 0.1533622686611995 -0.2715994213347932
-0.060514367467075836 -0.682534799087219 0.7283435036883555
-0.14114168352744105 -0.43438943580160494 0.8895981358090869
-0.3522267373951591 -0.5877517044628044 0.7283435036883555
0.6304292003189271 -0.2684674356792822 0.7283435036883554
0.3695137247042215 -0.2684674356792822 0.8895981358090868
0.4501410407645885 -0.5166127989648963 0.7283435036883555
0.4501410407645885 0.5166127989648963 0.7283435036883555
0.3695137247042215 0.2684674356792822 0.8895981358090868
0.6304292003189271 0.2684674356792822 0.7283435036883554
-0.3522267373951591 0.5877517044628053 0.7283435036883555
-0.14114168352744105 0.4343894358016058 0.8895981358090869
-0.060514367467075836 0.6825347990872181 0.7283435036883555
320
72 102 12
75 105 15
42 108 12
80 111 20
83 114 23
50 117 20
49 120 19
43 123 13
59 126 29
92 129 32
48 132 18
45 135 15
46 138 16
62 141 32
58 144 28
65 147 35
47 150 17
53 153 23
64 156 34
44 159 14
73 103 13
74 104 14
102 104 12
76 106 16
77 107 17
105 107 15
78 109 18
79 110 19
108 110 12
81 112 21
82 113 22
111 113 20
84 115 24
85 116 25
114 116 23
86 118 26
87 119 27
117 119 20
88 121 28
89 122 29
120 122 19
90 124 30
51 125 21
123 125 13
91 127 31
60 128 30
126 128 29
93 130 33
61 131 31
129 131 32
94 133 34
95 134 35
132 134 18
52 136 22
63 137 33
135 137 15
96 139 36
54 140 24
138 140 16
97 142 37
66 143 36
141 143 32
98 145 38
67 146 37
144 146 28
55 148 25
68 149 38
147 149 35
99 151 39
56 152 26
150 152 17
100 154 40
69 155 39
153 155 23
101 157 41
70 158 40
156 158 34
57 160 27
71 161 41
159 161 14
103 102 13
104 103 14
103 104 102
106 105 16
107 106 17
106 107 105
109 108 18
110 109 19
109 110 108
112 111 21
113 112 22
112 113 111
115 114 24
116 115 25
115 116 114
118 117 26
119 118 27
118 119 117
121 120 28
122 121 29
121 122 120
124 123 30
125 124 21
124 125 123
127 126 31
128 127 30
127 128 126
130 129 33
131 130 31
130 131 129
133 132 34
134 133 35
133 134 132
136 135 22
137 136 33
136 137 135
139 138 36
140 139 24
139 140 138
142 141 37
143 142 36
142 143 141
145 144 38
146 145 37
145 146 144
148 147 25
149 148 38
148 149 147
151 150 39
152 151 26
151 152 150
154 153 40
155 154 39
154 155 153
157 156 41
158 157 40
157 158 156
160 159 27
161 160 41
160 161 159
43 72 9
102 43 13
43 102 72
44 73 7
103 44 14
44 103 73
42 74 11
104 42 12
42 104 74
46 75 8
105 46 16
46 105 75
47 76 10
106 47 17
47 106 76
45 77 6
107 45 15
45 107 77
48 42 11
108 48 18
48 108 42
49 78 5
109 49 19
49 109 78
72 79 9
110 72 12
72 110 79
51 80 7
111 51 21
51 111 80
52 81 2
112 52 22
52 112 81
50 82 6
113 50 20
50 113 82
54 83 10
114 54 24
54 114 83
55 84 4
115 55 25
55 115 84
53 85 3
116 53 23
53 116 85
56 50 6
117 56 26
56 117 50
57 86 1
118 57 27
57 118 86
80 87 7
119 80 20
80 119 87
58 49 5
120 58 28
58 120 49
59 88 0
121 59 29
59 121 88
79 89 9
122 79 19
79 122 89
60 43 9
123 60 30
60 123 43
81 90 2
124 81 21
81 124 90
73 51 7
125 73 13
73 125 51
61 59 0
126 61 31
61 126 59
90 91 2
127 90 30
90 127 91
89 60 9
128 89 29
89 128 60
63 92 8
129 63 33
63 129 92
91 93 2
130 91 31
91 130 93
62 61 0
131 62 32
62 131 61
64 48 11
132 64 34
64 132 48
65 94 3
133 65 35
65 133 94
78 95 5
134 78 18
78 134 95
82 45 6
135 82 22
82 135 45
93 52 2
136 93 33
93 136 52
75 63 8
137 75 15
75 137 63
66 46 8
138 66 36
66 138 46
84 96 4
139 84 24
84 139 96
76 54 10
140 76 16
76 140 54
67 62 0
141 67 37
67 141 62
96 97 4
142 96 36
96 142 97
92 66 8
143 92 32
92 143 66
68 58 5
144 68 38
68 144 58
97 98 4
145 97 37
97 145 98
88 67 0
146 88 28
88 146 67
85 65 3
147 85 25
85 147 65
98 55 4
148 98 38
98 148 55
95 68 5
149 95 35
95 149 68
69 47 10
150 69 39
69 150 47
86 99 1
151 86 26
86 151 99
77 56 6
152 77 17
77 152 56
70 53 3
153 70 40
70 153 53
99 100 1
154 99 39
99 154 100
83 69 10
155 83 23
83 155 69
71 64 11
156 71 41
71 156 64
100 101 1
157 100 40
100 157 101
94 70 3
158 94 34
94 158 70
87 44 7
159 87 27
87 159 44
101 57 1
160 101 41
101 160 57
74 71 11
161 74 14
74 161 71
